5847.0
5486.0
5784.0
5408.0
5716.0
5857.0
5691.0
5168.0
5725.0
4826.0
5391.0
6390.0
5630.0
5793.0
4650.0
5727.0
5467.0
5490.0
5602.0
4737.0
5345.0
4781.0
5343.0
6109.0
5483.0
5589.0
4409.0
5460.0
5540.0
5456.0
5008.0
4659.0
4980.0
5390.0
5803.0
6037.0
4860.0
5658.0
5191.0
5776.0
5769.0
6203.0
5339.0
4830.0
5520.0
4901.0
5172.0
5451.0
5884.0
5158.0
5256.0
5466.0
5020.0
5723.0
5658.0
5171.0
4884.0
5925.0
5081.0
6004.0
5549.0
5530.0
5618.0
5773.0
5038.0
4535.0
4994.0
5476.0
5115.0
5031.0
4471.0
5883.0
5053.0
5808.0
4889.0
5042.0
5356.0
5020.0
4878.0
5391.0
5554.0
5610.0
5383.0
5340.0
4578.0
4653.0
5266.0
5273.0
5005.091847630988
5874.193544443492
5586.856929611215
5620.424220191055
5039.299835863415
5441.928006588177
5394.758220914639
6029.703685381892
6187.38420650887
6267.363816547078
6373.548242749382
6190.815100003833
6376.707957294511
6018.372047364977
5497.200566637233
6633.644279143729
6118.719603803773
5642.091358995776
6201.820045249594
6064.664135578539
5351.044595791703
5191.684328191413
5889.009185347782
5965.620193275607
5560.176661426821
5939.571305799276
5431.012947291808
5857.259886627937
5748.329841601381
5732.805450687892
5523.409422499217
5749.98254922975
4970.1728036001205
6123.916971531939
5234.201654021147
5700.958844395149
5752.140735019842
5609.637977009231
5482.357420396837
5574.8441498356615
5539.03136599049
5257.798612700475
5841.580378138945
4961.185793936423
4889.8470095937255
5026.581907645584
5918.353863840806
6302.963769995479
5718.280060799728
5502.297011979136
5605.21477136457
5119.763964166324
5509.283265422315
5615.650976459516
5102.249421615261
5378.124945783434
5824.170976609135
5489.4543051542705
5926.07653270482
6163.955855988693
6080.1606083298175
5822.905810158026
5315.036585568423
5860.742259754067
5555.367325797931
5412.813861269474
4788.836111205404
5649.968323844243
5725.979009454408
4902.707381941445
5448.334116444081
5834.662470484187
5404.71316368119
5647.647478887387
5308.408769792315
5947.4793082324795
5747.54766100777
6060.706029819006
5397.251541925299
5879.3305598616735
6311.567367408339
4811.202052164979
4977.571517979568
5468.688578832058
5808.314122927656
5577.028698647844
5295.249123071314
4956.447222338764
5011.825450369878
5486.02995083493
4922.473433132721
4950.304619827864
5206.309120826438
5314.336042160749
6090.28605131963
6116.706254508733
5357.704325232118
5553.74188368822
5598.949577504667
5195.551301480472
5491.5057043845245
5904.65618866652
5804.77879640793
5987.6033273209705
5194.899360032818
5694.6036403852895
5086.005539708502
5203.028954663462
5582.852739031172
5836.028092670222
4805.171332134383
5211.63004578326
5224.597611866801
4775.372627434538
5342.041053975185
5447.244899564024
5432.289161713985
5359.685277686923
5721.546910265026
4840.818636746757
6490.0
4698.0
5819.0
5387.0
5717.0
5280.0
5168.0
5488.0
4993.0
5696.0
5958.0
5338.0
6510.0
5304.0
5258.0
5414.0
5388.0
5555.0
5717.0
5275.0
5300.0
5292.0
5522.0
5598.0
5725.0
5547.0
5420.0
5126.0
5428.0
5482.0
5677.0
5220.0
5288.0
4646.0
5433.0
5461.0
5674.0
5442.0
5286.0
5604.0
5227.0
5034.0
5605.0
5402.0
5662.0
6000.0
4809.0
5412.0
5350.0
5530.0
5759.0
5573.0
4759.0
5157.0
5145.0
5304.0
6097.0
5835.0
4757.0
5059.0
6010.0
5819.0
5116.0
6057.0
5506.0
5917.0
6059.0
5399.0
6237.0
4923.0
5668.0
4886.0
5575.0
5206.0
5816.0
5281.0
5517.0
5833.0
5117.0
5543.0
5907.0
5386.0
5719.0
6254.0
5291.0
5562.0
5470.0
5424.0
5304.0
5549.0
5292.0
4747.0
4893.0
5586.0
5409.0
5656.0
4914.0
4969.0
5352.0
5323.0
4703.0
5405.0
4383.0
4815.0
5857.0
5007.0
6081.0
5425.0
5063.0
5516.0
5510.0
5363.0
5211.0
5462.0
5675.0
5599.0
5065.0
4905.0
5895.0
4932.0
5625.0
5793.0
5002.0
5221.0
4846.0
5542.0
5686.0
5678.0
4726.0
5731.0
4985.0
5522.0
5081.0
5696.0
5710.0
5667.0
5165.0
4349.0
5944.0
5297.0
5859.0
5301.0
5718.0
5603.0
5233.0
4868.0
6020.0
5286.0
5092.0
5497.0
5290.0
5527.0
5426.0
5213.0
5180.0
5823.0
5302.0
4635.0
5636.0
5079.0
5105.0
5476.0
6040.0
5382.0
5425.0
5830.0
5094.0
5451.0
6154.0
5376.0
5339.0
5505.0
5709.0
5836.0
4975.0
5584.0
5094.0
5563.0
5248.0
5889.0
4826.0
4812.0
5397.0
6145.0
5519.0
4644.0
4868.0
5821.0
5550.0
5460.0
5057.0
5554.0
5493.0
4594.0
4819.0
5398.0
5551.0
6368.0
5095.0
4794.0
5342.0
5683.0
5432.0
5762.0
5595.0
5410.0
5832.0
5912.0
5649.0
5892.0
5842.0
5092.0
5266.0
5279.0
5925.0
5289.0
5840.0
4656.0
5579.0
6187.0
5027.0
5427.0
5951.0
5104.0
5009.0
5277.0
5856.0
5429.0
5518.0
5537.0
4939.0
5113.0
5074.0
5183.0
4925.0
5765.0
5238.0
5638.0
4899.0
5758.0
5636.0
4979.0
5756.0
5463.0
5127.0
5395.0
5750.0
5406.0
5102.0
5698.0
6194.0
5244.0
5921.0
5267.0
5449.0
5703.0
5120.0
4997.0
5694.0
4829.0
5116.0
5259.0
5454.0
4929.0
5335.0
5414.0
5570.0
5799.0
5854.0
5081.0
5459.0
5313.0
5408.0
6144.0
5507.0
5421.0
5722.0
4972.0
5740.0
5161.0
5217.0
6154.0
5520.0
5120.0
5984.0
5887.0
5012.0
6273.0
5328.0
5341.0
5784.0
6130.0
5619.0
5157.0
5217.0
5827.0
5301.0
5695.0
5619.0
4622.0
4985.0
5649.0
5557.0
5914.0
5510.0
5898.0
5015.0
5594.0
5877.0
6089.0
5236.0
5746.0
5536.0
5338.0
5650.0
4692.0
6179.0
5692.0
6002.0
5284.0
5722.0
5396.0
5127.0
5307.0
5836.0
5808.0
5315.0
5462.0
5364.0
5033.0
5725.0
5635.0
5583.0
6176.0
5366.0
5422.0
5809.0
5382.0
6189.0
5180.0
5009.0
5572.0
4905.0
5373.0
5510.0
5444.0
5953.0
4837.0
6264.0
4329.0
6064.0
5159.0
6117.0
5183.0
6168.0
6080.0
5695.0
5802.0
5824.0
4750.0
5406.0
6079.0
5356.0
5878.0
5748.0
5374.0
5426.0
5078.0
5590.0
5465.0
5615.0
5147.0
5565.0
5848.0
6007.0
5968.0
5688.0
4936.0
4729.0
5823.0
5610.0
5318.0
5134.0
5634.0
4880.0
5384.0
5958.0
5771.0
5802.0
5276.0
5799.0
5468.0
5196.0
5162.0
5849.0
5581.0
5115.0
4958.0
5593.0
5563.0
5327.0
5480.0
5363.0
6169.0
6158.0
5621.0
5861.0
5093.0
5371.0
6190.0
5643.0
5794.0
5295.0
5291.0
5542.0
6174.0
5344.0
4789.0
5314.0
4741.0
5603.0
4986.0
4816.0
5542.0
5777.0
5517.0
5581.0
5372.0
5721.0
5367.0
5840.0
5138.0
5508.0
5269.0
5448.0
5009.0
5493.0
5729.0
5444.0
5765.0
5094.0
4950.0
5239.0
5325.0
5326.0
5459.0
5076.0
5773.0
5387.0
5397.0
5903.0
5295.0
5221.0
5079.0
5611.0
5448.0
5517.0
4900.0
5623.0
5177.0
5253.0
5514.0
5483.0
5239.0
5614.0
4841.0
5253.0
5272.0
5753.0
5101.0
5237.0
5166.0
5648.0
5490.0
5751.0
5581.0
5273.0
4384.0
5933.0
5901.0
5478.0
5027.0
5586.0
4500.0
5200.0
5686.0
4582.0
5480.0
5763.0
5380.0
5182.0
5492.0
5979.0
5261.0
6485.0
4596.0
5516.0
6326.0
5517.0
5544.0
5584.0
5848.0
5121.0
5728.0
5324.0
6027.0
5268.0
5414.0
4610.0
5754.0
5085.0
5918.0
5148.0
5943.0
5660.0
5504.0
4953.0
5741.0
5882.0
5200.0
4520.0
5102.0
5251.0
5889.0
5663.0
5736.0
6644.0
5471.0
5696.0
6044.0
4918.0
4901.0
5157.0
5663.0
5471.0
5249.0
5147.0
5667.0
6018.0
5598.0
6133.0
6199.0
5113.0
5465.0
5760.0
5717.0
5239.0
4801.0
4968.0
6075.0
5823.0
5420.0
5702.0
5399.0
5041.0
5572.0
5683.0
5369.0
4857.0
4971.0
5254.0
4993.0
5926.0
5736.0
5513.0
4961.0
5358.0
5654.0
6171.0
4870.0
5060.0
5648.0
4892.0
5484.0
5738.0
5108.0
5065.0
5656.0
5499.0
5671.0
5114.0
5000.0
5469.0
5360.0
5575.0
5773.0
5232.0
5582.0
5867.0
5047.0
5903.0
5301.0
4901.0
4953.0
5533.0
4959.0
5412.0
5719.0
5472.0
5541.0
4993.0
6138.0
5372.0
6003.0
5026.0
5268.0
5584.0
6046.0
5552.0
5261.0
5073.0
5306.0
5038.0
5266.0
5207.0
5620.0
5016.0
5692.0
5356.0
5478.0
5453.0
5282.0
5713.0
4967.0
5722.0
5368.0
5347.0
5264.0
5595.0
5522.0
4900.0
5578.0
5698.0
5584.0
5704.0
5521.0
4942.0
5427.0
5205.0
5380.0
6198.0
5511.0
5552.0
5330.0
5583.0
4651.0
5870.0
5654.0
4843.0
5593.0
5125.0
6089.0
5300.0
5558.0
5378.0
5631.0
5647.0
6081.0
5397.0
5265.0
5388.0
5347.0
5476.0
5245.0
6112.0
5655.0
5632.0
5584.0
5475.0
5050.0
5199.0
5156.0
5556.0
5820.0
5199.0
5873.0
5619.0
6677.0
5426.0
5573.0
5484.0
5295.0
5283.0
4863.0
5954.0
5493.0
5482.0
5226.0
5177.0
6181.0
6135.0
5226.0
5078.0
5223.0
6274.0
5220.0
5392.0
5475.0
5512.0
5828.0
4733.0
4525.0
5600.0
5785.0
5346.0
4850.0
5273.0
5478.0
5765.0
5581.0
5311.0
5878.0
5546.0
5980.0
5323.0
5832.0
5241.0
5079.0
5606.0
5271.0
5750.0
5586.0
5068.0
5016.0
5660.0
5152.0
5783.0
5997.0
5285.0
5749.0
5207.0
5733.0
5047.0
5324.0
5213.0
5984.0
5828.0
5606.0
5050.0
5364.0
6020.0
5217.0
5664.0
4708.0
5100.0
5281.0
5273.0
5213.0
5014.0
5858.0
5434.0
5614.0
5605.0
5704.0
5625.0
5796.0
5695.0
5335.0
6136.0
5349.0
5480.0
5818.0
6239.0
5622.0
6205.0
4383.0
5657.0
5417.0
5577.0
5767.0
5336.0
5405.0
5734.0
5748.0
5235.0
5445.0
5394.0
5551.0
5911.0
5153.0
5871.0
5548.0
5453.0
5229.0
5270.0
6038.0
5393.0
5829.0
5081.0
5416.0
5983.0
5444.0
5674.0
4945.0
5364.0
5769.0
5213.0
5667.0
5712.0
5917.0
5614.0
5123.0
5520.0
5503.0
5288.0
5837.0
5476.0
5282.0
5955.0
5920.0
6182.0
4973.0
5263.0
5635.0
5658.0
5663.0
5680.0
5639.0
5554.0
5751.0
5274.0
5589.0
5315.0
5662.0
5612.0
5717.0
5562.0
5127.0
5135.0
5072.0
5574.0
5329.0
5535.0
5410.0
5598.0
5524.0
5301.0
5443.0
5538.0
5211.0
6258.0
5708.0
5252.0
5616.0
5258.0
5662.0
5316.0
5296.0
5250.0
5448.0
5342.0
5067.0
5788.0
5181.0
5606.0
5441.0
5567.0
5864.0
5663.0
5649.0
5320.0
5407.0
5680.0
5720.0
5548.0
5089.0
5448.0
5184.0
5430.0
5513.0
5749.0
5116.0
5459.0
6403.0
5316.0
6044.0
5045.0
6074.0
5884.0
5749.0
5946.0
5198.0
5366.0
5355.0
5589.0
5550.0
5282.0
5449.0
5049.0
5978.0
5949.0
5642.0
5770.0
5744.0
5961.0
5384.0
5296.0
5773.0
5590.0
5881.0
5529.0
5107.0
4951.0
6183.0
5006.0
5474.0
5605.0
4983.0
5220.0
5757.0
5604.0
6034.0
4957.0
5188.0
5894.0
4982.0
5055.0
5674.0
5477.0
6013.0
5493.0
4777.0
5454.0
5250.0
6004.0
5713.0
5079.0
5316.0
6074.0
5707.0
5728.0
5516.0
5161.0
5484.0
5814.0
5888.0
5652.0
5081.0
5668.0
6186.0
4740.0
5609.0
5614.0
5669.0
6149.0
5934.0
5307.0
5256.0
5830.0
5397.0
5940.0
4898.0
5389.0
5731.0
5085.0
5673.0
5350.0
5305.0
5378.0
5272.0
5217.0
5582.0
5664.0
5585.0
6045.0
5319.0
5483.0
5878.0
5183.0
5642.0
5353.0
5694.0
6132.0
6108.0
5642.0
5242.0
6022.0
5494.0
5945.0
6290.0
5578.0
5360.0
5324.0
5929.0
6065.0
5841.0
5305.0
5500.0
5693.0
6018.0
5923.0
5489.0
4827.0
6044.0
5752.0
5599.0
4953.0
5896.0
5583.0
5449.0
5089.0
5350.0
4851.0
5437.0
5080.0
4832.0
5280.0
6021.0
5103.0
5443.0
5418.0
5498.0
5233.0
5650.0
4686.0
6145.0
4859.0
5475.0
5132.0
5710.0
5490.0
5783.0
5420.0
5296.0
5250.0
5361.0
5546.0
4846.0
4426.0
5965.0
5734.0
5112.0
5728.0
4779.0
5305.0
5620.0
6071.0
5492.0
5368.0
5730.0
6174.0
5378.0
5837.0
5748.0
5193.0
5257.0
5232.0
6029.0
5549.0
5570.0
5752.0
5393.0
5311.0
5743.0
5689.0
5078.0
5809.0
4989.0
5238.0
5785.0
5616.0
5428.0
5229.0
5979.0
5074.0
5319.0
5655.0
5316.0
5629.0
6211.0
5044.0
5985.0
5234.0
5468.0
5735.0
5736.0
5542.0
6314.0
5886.0
4617.0
5127.0
5705.0
5053.0
5767.0
5394.0
5888.0
4745.0
5565.0
5444.0
5494.0
5588.0
5518.0
5648.0
5742.0
6079.0
5229.0
5616.0
5730.0
5060.0
5484.0
5527.0
5139.0
5403.0
5458.0
4872.0
5780.0
5594.0
5546.0
5444.0
5448.0
6437.0
5548.0
5951.0
5394.0
5777.0
5450.0
6468.0
5651.0
5388.0
5655.0
5063.0
5819.0
5339.0
5674.0
5513.0
6158.0
5120.0
5273.0
5818.0
6142.0
5642.0
5626.0
5216.0
4855.0
5289.0
5270.0
6484.0
5850.0
5525.0
6385.0
5605.0
5471.0
5615.0
5113.0
5340.0
5582.0
5291.0
5324.0
5431.0
5596.0
5698.0
5200.0
5465.0
5035.0
5605.0
5572.0
5843.0
5547.0
5836.0
5534.0
6069.0
4532.0
5683.0
5757.0
5668.0
5937.0
5362.0
5598.0
6199.0
5645.0
5767.0
6152.0
5097.0
5546.0
5421.0
5759.0
5369.0
5307.0
5244.0
5562.0
5510.0
4852.0
5739.0
4899.0
5631.0
4698.0
5172.0
5141.0
5542.0
5349.0
5126.0
5388.0
4974.0
5533.0
5414.0
5232.0
6000.0
5620.0
4353.0
5106.0
5824.0
5683.0
5235.0
4756.0
5395.0
5158.0
5978.0
5292.0
5911.0
6003.0
4909.0
5993.0
5372.0
5172.0
5289.0
5509.0
5197.0
5683.0
5786.0
5532.0
5667.0
5221.0
5300.0
5540.0
5579.0
5206.0
5697.0
4890.0
5873.0
5297.0
5084.0
5386.0
5623.0
5727.0
5955.0
5486.0
5699.0
5055.0
4917.0
5419.0
5515.0
5375.0
4845.0
5281.0
5492.0
5483.0
5249.0
5273.0
5569.0
5819.0
5055.0
5481.0
5484.0
5737.0
5219.0
5261.0
5893.0
5236.0
6389.0
5798.0
5447.0
6249.0
4842.0
6121.0
4924.0
5856.0
5873.0
5500.0
4760.0
5702.0
5606.0
4593.0
5706.0
5945.0
5732.0
5200.0
5429.0
5493.0
5114.0
5262.0
5729.0
5223.0
4611.0
5098.0
5683.0
4893.0
5119.0
5509.0
5780.0
5611.0
5218.0
5274.0
5846.0
5715.0
5530.0
5722.0
5232.0
5210.0
5552.0
5516.0
5490.0
5575.0
5154.0
5318.0
5330.0
5279.0
5309.0
4991.0
5838.0
5521.0
5281.0
4916.0
5130.0
5318.0
5413.0
5455.0
5565.0
5445.0
5524.0
5364.0
6205.0
5625.0
5882.0
5193.0
5959.0
5683.0
5402.0
5426.0
4843.0
4883.0
5507.0
5249.0
5378.0
5632.0
5068.0
4784.0
5691.0
5900.0
5695.0
5293.0
5281.0
5450.0
4707.0
5561.0
5465.0
6411.0
5679.0
6076.0
5637.0
5420.0
4898.0
5401.0
5471.0
5362.0
4723.0
5195.0
5327.0
4758.0
5731.0
5968.0
5442.0
4897.0
5046.0
5906.0
5268.0
5794.0
5720.0
4921.0
5351.0
5421.0
5848.0
6007.0
6020.0
6255.0
5904.0
5830.0
6052.0
5345.0
5826.0
5065.0
5701.0
5440.0
5710.0
4933.0
4947.0
5375.0
5794.0
5933.0
5204.0
5491.0
4911.0
6234.0
5528.0
5895.0
5639.0
5652.0
5982.0
4858.0
6257.0
6101.0
5722.0
5146.0
6140.0
5751.0
5606.0
5657.0
5293.0
6105.0
5099.0
6049.0
5771.0
5610.0
5744.0
5898.0
5159.0
5736.0
5175.0
5260.0
5681.0
4988.0
5484.0
5350.0
5492.0
5113.0
5831.0
5496.0
5383.0
4980.0
5059.0
5283.0
5005.0
5058.0
5529.0
5523.0
5875.0
4854.0
5479.0
5455.0
4857.0
5410.0
5149.0
5486.0
5854.0
5070.0
5800.0
6041.0
5629.0
5348.0
5694.0
5695.0
5157.0
5419.0
6055.0
5494.0
5318.0
5289.0
5277.0
5383.0
5523.0
5364.0
4584.0
5120.0
5218.0
5331.0
5907.0
5559.0
5577.0
5492.0
5594.0
5629.0
6143.0
5146.0
5911.0
5561.0
5714.0
5241.0
5274.0
5868.0
5503.0
4865.0
5575.0
5354.0
5529.0
5420.0
4783.0
5655.0
5780.0
5192.0
5790.0
5881.0
5059.0
5307.0
4807.0
5292.0
5551.0
5582.0
4935.0
5217.0
4594.0
6467.0
4720.0
5198.0
5309.0
5534.0
5367.0
5730.0
6299.0
5256.0
5509.0
5055.0
5363.0
5795.0
5534.0
5052.0
5208.0
5613.0
5292.0
5127.0
5229.0
5296.0
5358.0
5341.0
5364.0
5609.0
5618.0
5716.0
5250.0
5519.0
5575.0
5274.0
5350.0
5779.0
5848.0
5046.0
5788.0
5021.0
5287.0
5226.0
5276.0
5124.0
4993.0
5523.0
6222.0
5147.0
5452.0
5630.0
5906.0
5534.0
5926.0
5149.0
5684.0
6500.0
5394.0
5086.0
5868.0
6800.0
5675.0
5305.0
5670.0
5912.0
5139.0
5034.0
5333.0
5935.0
5243.0
5209.0
5728.0
5193.0
5631.0
5183.0
4877.0
5314.0
5235.0
5426.0
4929.0
5407.0
5192.0
5237.0
6183.0
5891.0
5598.0
5210.0
5726.0
5377.0
5532.0
5175.0
5121.0
5790.0
5799.0
5258.0
5948.0
5007.0
5587.0
5201.0
4861.0
4714.0
5901.0
4789.0
6111.0
5459.0
5602.0
5865.0
5016.0
6715.0
5673.0
5672.0
6032.0
6767.0
4945.0
5204.0
6183.0
5482.0
5888.0
6002.0
5183.0
5054.0
5767.0
6257.0
5100.0
5219.0
5382.0
5418.0
5708.0
5176.0
5434.0
5766.0
5113.0
5267.0
5861.0
4667.0
5156.0
5859.0
5829.0
5512.0
6011.0
6130.0
4915.0
6436.0
5978.0
4575.0
4989.0
5894.0
5231.0
5588.0
5657.0
6439.0
4691.0
5258.0
5023.0
5428.0
6405.0
5739.0
4983.0
5447.0
5454.0
5586.0
5335.0
4409.0
5831.0
5819.0
4863.0
5494.0
5166.0
4623.0
5484.0
5464.0
5389.0
6055.0
5310.0
5666.0
5287.0
5818.0
5001.0
5767.0
5212.0
6073.0
5513.0
5072.0
4998.0
5549.0
5062.0
5507.0
5369.0
6497.0
5457.0
4809.0
5300.0
5254.0
5400.0
4733.0
5301.0
5126.0
5125.0
5063.0
5089.0
5787.0
5540.0
4351.0
5077.0
5753.0
5382.0
5844.0
5219.0
5945.0
5990.0
5747.0
5146.0
5693.0
5730.0
5472.0
4845.0
5544.0
5400.0
5224.0
5542.0
5403.0
5841.0
5495.0
5142.0
5194.0
5161.0
5586.0
5671.0
5159.0
6071.0
5159.0
5767.0
5664.0
5715.0
5421.0
5881.0
5085.0
5967.0
5201.0
6141.0
5744.0
5194.0
5199.0
5355.0
6032.0
6038.0
5755.0
5822.0
5925.0
6170.0
5393.0
5248.0
5476.0
4773.0
5633.0
6083.0
5226.0
5655.0
5141.0
5675.0
5656.0
5259.0
5762.0
5373.0
6265.0
5505.0
5396.0
5501.0
5238.0
5738.0
5467.0
5474.0
5447.0
5544.0
5489.0
5555.0
5778.0
5492.0
5117.0
5161.0
5705.0
5415.0
4954.0
4742.0
4997.0
5305.0
6063.0
5118.0
5458.0
5265.0
4858.0
5401.0
5259.0
5037.0
5000.0
5903.0
5260.0
5409.0
5755.0
5539.0
5896.0
5647.0
5664.0
5400.0
5837.0
5345.0
5549.0
5210.0
4588.0
5701.0
5005.0
5602.0
5611.0
5207.0
5138.0
6137.0
5427.0
4733.0
5577.0
5597.0
5586.0
5480.0
5111.0
5086.0
4662.0
6162.0
5745.0
5651.0
5248.0
5378.0
5773.0
5362.0
5689.0
5286.0
5236.0
5041.0
6047.0
6557.0
5064.0
5477.0
5342.0
5358.0
5525.0
5669.0
5576.0
5728.0
5024.0
5468.0
5335.0
5646.0
6068.0
6038.0
5796.0
5715.0
5527.0
5971.0
5576.0
5285.0
6071.0
5226.0
5805.0
5199.0
4906.0
4833.0
5536.0
5499.0
5460.0
5230.0
5480.0
5683.0
5259.0
5518.0
5648.0
6130.0
5669.0
5168.0
5618.0
5518.0
5597.0
6100.0
5501.0
5509.0
4845.0
5651.0
5671.0
6143.0
5983.0
5440.0
4880.0
5285.0
5523.0
5072.0
5770.0
5449.0
5650.0
4744.0
5621.0
5330.0
5387.0
5708.0
5298.0
5335.0
5889.0
5608.0
5534.0
5673.0
5538.0
5889.0
5580.0
4957.0
5108.0
5832.0
4971.0
6009.0
5897.0
5347.0
5895.0
5342.0
4537.0
5206.0
5265.0
5432.0
4956.0
5845.0
4737.0
5823.0
5748.0
5289.0
5874.0
5454.0
5073.0
5452.0
5703.0
5361.0
5490.0
6198.0
5008.0
5526.0
5982.0
5434.0
5592.0
5230.0
5057.0
6099.0
5669.0
6028.0
4950.0
4938.0
5596.0
5456.0
5484.0
5475.0
5930.0
5284.0
5551.0
6035.0
5707.0
5809.0
5298.0
5154.0
5938.0
5494.0
5212.0
5532.0
4963.0
4965.0
5567.0
5533.0
5491.0
5506.0
5918.0
5959.0
5944.0
5212.0
5887.0
5522.0
5393.0
5216.0
4952.0
5400.0
4596.0
5717.0
5808.0
5222.0
5550.0
5002.0
5082.0
5886.0
5939.0
5373.0
5858.0
5476.0
4801.0
5159.0
5446.0
6316.0
5252.0
5829.0
5649.0
5365.0
5560.0
5648.0
5995.0
5582.0
5086.0
6030.0
5152.0
5030.0
5312.0
5788.0
4742.0
5735.0
5273.0
6178.0
6337.0
4807.0
5492.0
6021.0
5894.0
6116.0
5568.0
5075.0
5800.0
4913.0
5362.0
5476.0
5123.0
5059.0
5560.0
5493.0
5532.0
5119.0
5319.0
5246.0
5394.0
5891.0
5132.0
4592.0
5596.0
5162.0
5146.0
5174.0
4767.0
5683.0
5457.0
5433.0
4753.0
5809.0
5853.0
4659.0
5183.0
5514.0
5112.0
5387.0
6009.0
5936.0
5782.0
5710.0
6942.0
5719.0
5290.0
5328.0
5456.0
5849.0
5575.0
5099.0
5621.0
5435.0
5207.0
5624.0
5630.0
5383.0
5697.0
5259.0
5686.0
5169.0
4904.0
5054.0
5354.0
5762.0
5477.0
5773.0
5545.0
5686.0
5414.0
4619.0
5448.0
5149.0
5471.0
5646.0
5033.0
6247.0
5309.0
6115.0
6034.0
5560.0
5492.0
5300.0
5589.0
5228.0
5512.0
5888.0
5309.0
5450.0
5635.0
5996.0
5699.0
5283.0
5103.0
5988.0
5374.0
5746.0
5192.0
6585.0
5864.0
5641.0
5850.0
6008.0
5809.0
5582.0
5764.0
6075.0
5494.0
5319.0
5480.0
4914.0
5725.0
5299.0
5733.0
5840.0
5879.0
4646.0
5984.0
5660.0
6137.0
5161.0
5206.0
6064.0
5272.0
5891.0
5882.0
5734.0
6152.0
5375.0
5383.0
5399.0
5937.0
5594.0
5354.0
5611.0
5237.0
5943.0
5285.0
5711.0
5585.0
5413.0
5847.0
6159.0
5348.0
4874.0
5585.0
5488.0
5997.0
5608.0
5585.0
5461.0
5092.0
5116.0
5067.0
5519.0
5150.0
6061.0
5372.0
5625.0
4796.0
5851.0
5553.0
5311.0
5711.0
5452.0
5132.0
6245.0
5858.0
5362.0
6021.0
5179.0
5720.0
5899.0
6148.0
5667.0
5894.0
4847.0
5715.0
5401.0
5591.0
4499.0
5630.0
6041.0
5338.0
5772.0
6507.0
6138.0
5227.0
5614.0
6282.0
5551.0
6645.0
5788.0
5621.0
5789.0
5780.0
5521.0
6166.0
5623.0
5148.0
5263.0
5876.0
5260.0
5107.0
5954.0
6102.0
5182.0
5641.0
6262.0
5298.0
5068.0
5171.0
6683.0
6173.0
6299.0
5308.0
5818.0
5659.0
6618.0
5186.0
5981.0
5424.0
5377.0
5349.0
5275.0
5695.0
5553.0
5356.0
5576.0
5468.0
5815.0
6162.0
5853.0
5926.0
5674.0
5335.0
5792.0
5652.0
5056.0
5476.0
5393.0
5723.0
6231.0
5336.0
6057.0
5921.0
6255.0
5182.0
5816.0
5713.0
4887.0
5322.0
5727.0
5662.0
5759.0
5434.0
5889.0
5381.0
5341.0
6281.0
5878.0
5290.0
5285.0
5585.0
5245.0
5923.0
5010.0
6271.0
5493.0
5262.0
5956.0
5724.0
6008.0
5231.0
5828.0
5432.0
5724.0
5769.0
5222.0
6161.0
5814.0
5902.0
5487.0
5714.0
5438.0
5391.0
5512.0
5449.0
5816.0
5052.0
6023.0
5231.0
5328.0
4851.0
5084.0
5586.0
4909.0
6210.0
5591.0
5695.0
5740.0
5379.0
4763.0
5130.0
5601.0
5558.0
5569.0
5859.0
5436.0
5204.0
5195.0
5750.0
5148.0
5680.0
5139.0
5847.0
5263.0
6045.0
5616.0
5489.0
5741.0
5591.0
6099.0
5148.0
5789.0
4884.0
5398.0
5422.0
4880.0
5450.0
5614.0
5633.0
5468.0
5553.0
5618.0
5437.0
5443.0
5856.0
5765.0
6214.0
5883.0
6120.0
5709.0
5685.0
5920.0
5523.0
5526.0
4938.0
5807.0
5366.0
5393.0
6239.0
5476.0
5779.0
5323.0
5854.0
5283.0
5142.0
6235.0
6044.0
5717.0
5958.0
5035.0
5875.0
5708.0
5178.0
5192.0
6227.0
5841.0
4699.0
4598.0
5660.0
5470.0
5246.0
5198.0
5689.0
5185.0
5950.0
6037.0
4989.0
5171.0
5559.0
5377.0
5426.0
4912.0
5563.0
5368.0
5485.0
5897.0
5421.0
5495.0
5382.0
6143.0
6023.0
5347.0
5859.0
5898.0
5504.0
5275.0
4986.0
4889.0
5690.0
5355.0
5499.0
5512.0
5662.0
5524.0
4665.0
5370.0
5598.0
5115.0
6262.0
4926.0
5543.0
5680.0
6117.0
5915.0
5156.0
5991.0
5547.0
5722.0
5212.0
5226.0
6002.0
5409.0
4941.0
5401.0
5105.0
5470.0
5222.0
5213.0
5439.0
5252.0
5578.0
5423.0
6020.0
5851.0
5171.0
5189.0
5643.0
6203.0
5024.0
5510.0
5433.0
5042.0
5560.0
5343.0
5525.0
5284.0
6008.0
5913.0
5094.0
5607.0
5465.0
5695.0
5727.0
5573.0
5742.0
5827.0
5826.0
5597.0
5976.0
6064.0
5009.0
5660.0
6001.0
5693.0
5397.0
5810.0
5165.0
5310.0
5561.0
5498.0
5759.0
5699.0
5809.0
5366.0
5510.0
5347.0
5872.0
5369.0
5701.0
5127.0
5590.0
5577.0
5444.0
5908.0
5498.0
5724.0
5215.0
5288.0
5904.0
5646.0
5914.0
5685.0
5317.0
5411.0
5328.0
6012.0
5726.0
5469.0
5699.0
4771.0
5663.0
5767.0
5384.0
5925.0
5200.0
5824.0
5993.0
5812.0
5978.0
5663.0
5334.0
5565.0
5600.0
5590.0
5612.0
5377.0
6244.0
5555.0
6216.0
5289.0
4804.0
5488.0
5575.0
5617.0
5648.0
5489.0
6057.0
5460.0
5742.0
6141.0
5484.0
6200.0
5432.0
5085.0
6192.0
5662.0
5908.0
5797.0
5498.0
5847.0
6212.0
5711.0
5617.0
5695.0
5363.0
5768.0
5448.0
5634.0
5569.0
5451.0
5652.0
6157.0
4631.0
5332.0
5234.0
5048.0
5633.0
5377.0
4836.0
5739.0
6255.0
5781.0
5411.0
5177.0
5510.0
5700.0
5611.0
5905.0
5874.0
5622.0
5016.0
5435.0
5806.0
5500.0
4577.0
5599.0
5388.0
5808.0
5332.0
5987.0
5063.0
5762.0
5467.0
5489.0
5223.0
6039.0
5389.0
4604.0
5374.0
6034.0
6073.0
5156.0
5853.0
5788.0
5393.0
5129.0
5567.0
5823.0
5987.0
5680.0
5844.0
4796.0
4862.0
5773.0
5269.0
5622.0
5662.0
6094.0
5280.0
5556.0
5098.0
6600.0
6237.0
5699.0
6043.0
4903.0
5790.0
5055.0
5677.0
6154.0
5404.0
5746.0
5673.0
5684.0
5295.0
5749.0
5525.0
6227.0
6188.0
5362.0
5435.0
5493.0
5898.0
5926.0
6168.0
5260.0
6003.0
5494.0
5669.0
5629.0
5521.0
5169.0
5272.0
5790.0
5631.0
5662.0
5697.0
5657.0
5833.0
5294.0
5806.0
5550.0
5316.0
5396.0
6276.0
5986.0
5903.0
6075.0
5714.0
5292.0
5597.0
5681.0
5652.0
5687.0
5336.0
5622.0
5373.0
5601.0
5859.0
5505.0
5536.0
5252.0
5384.0
5281.0
5174.0
5820.0
5253.0
5327.0
5726.0
5530.0
5471.0
5616.0
5494.0
5438.0
5879.0
4846.0
5765.0
5466.0
5788.0
5169.0
5435.0
5492.0
6054.0
6109.0
5630.0
5983.0
5017.0
5525.0
4723.0
5433.0
5864.0
5029.0
5771.0
5282.0
5722.0
5408.0
5665.0
5688.0
6018.0
5140.0
5794.0
5355.0
5404.0
5754.0
5781.0
5557.0
5001.0
5685.0
5433.0
6184.0
6036.0
5549.0
5217.0
5715.0
5192.0
5438.0
6078.0
5148.0
5353.0
5498.0
5566.0
5508.0
5449.0
5237.0
5334.0
5531.0
6298.0
5504.0
5979.0
5760.0
5891.0
5762.0
5422.0
5514.0
6337.0
5146.0
5495.0
5949.0
5119.0
5171.0
5750.0
5593.0
5472.0
5720.0
5209.0
5951.0
5359.0
5476.0
5194.0
5766.0
5399.0
5859.0
5259.0
5164.0
4539.0
5360.0
4951.0
5942.0
5498.0
5216.0
5384.0
6007.0
5566.0
5618.0
5702.0
5987.0
5419.0
6091.0
4603.0
5494.0
6091.0
5903.0
5451.0
5628.0
6125.0
5803.0
5733.0
6297.0
5336.0
5318.0
5903.0
5705.0
5925.0
5636.0
5458.0
5688.0
5487.0
6737.0
5482.0
5472.0
6112.0
5382.0
5458.0
6223.0
5449.0
5169.0
5813.0
5745.0
5382.0
5990.0
5432.0
5899.0
5442.0
4800.0
5476.0
5225.0
5854.0
5668.0
6120.0
5564.0
5943.0
5853.0
6022.0
6251.0
6126.0
5711.0
6400.0
5669.0
5736.0
6056.0
5576.0
5526.0
5012.0
5683.0
6450.0
5232.0
5234.0
5326.0
5630.0
5605.0
5333.0
5998.0
5414.0
5743.0
6344.0
6170.0
5474.0
5640.0
5894.0
6086.0
5949.0
5474.0
5521.0
5601.0
6052.0
5426.0
5996.0
5751.0
6092.0
5377.0
5794.0
5746.0
5668.0
5546.0
5385.0
5817.0
5312.0
5306.0
5687.0
5384.0
5237.0
5334.0
5241.0
5969.0
5758.0
5833.0
5163.0
5433.0
5342.0
5317.0
5889.0
5902.0
5744.0
5359.0
5004.0
5872.0
5615.0
5269.0
5425.0
5758.0
5487.0
5701.0
5526.0
5615.0
5798.0
5987.0
5895.0
5716.0
5287.0
5706.0
5227.0
5765.0
5324.0
6091.0
6157.0
5403.0
5695.0
6701.0
5972.0
4844.0
6202.0
5928.0
5666.0
5246.0
5083.0
5578.0
5456.0
5970.0
5852.0
6381.0
5646.0
5494.0
6053.0
5324.0
6158.0
5383.0
5734.0
5778.0
5931.0
6701.0
5407.0
5686.0
5665.0
5736.0
6399.0
5658.0
6021.0
5603.0
5819.0
5565.0
6006.0
5389.0
5258.0
6077.0
5650.0
5590.0
5106.0
6044.0
6092.0
5600.0
5959.0
5261.0
5467.0
5311.0
5874.0
5885.0
5508.0
5762.0
5461.0
5816.0
5611.0
5432.0
5370.0
5256.0
5783.0
5634.0
5924.0
5524.0
5152.0
6100.0
6118.0
5330.0
5688.0
5502.0
5679.0
5424.0
5949.0
5611.0
5497.0
5378.0
5672.0
5569.0
5204.0
5178.0
5321.0
6143.0
5338.0
5722.0
5899.0
5407.0
5343.0
5264.0
4844.0
5367.0
5003.0
5541.0
5909.0
5850.0
6314.0
5728.0
5913.0
5421.0
5320.0
5898.0
5451.0
5459.0
6232.0
5659.0
5683.0
5764.0
4792.0
5553.0
5723.0
5799.0
4928.0
5596.0
5163.0
5730.0
5569.0
5418.0
5144.0
5870.0
5452.0
5184.0
5453.0
5426.0
5246.0
5134.0
6271.0
5323.0
6676.0
5919.0
5673.0
5428.0
5440.0
5176.0
5481.0
5123.0
5874.0
4982.0
4972.0
5396.0
5321.0
6113.0
5562.0
5850.0
5248.0
5492.0
5597.0
6082.0
5903.0
6006.0
5806.0
5923.0
5947.0
5320.0
5796.0
5706.0
4947.0
5561.0
5285.0
5563.0
5212.0
6231.0
5383.0
5489.0
6012.0
5909.0
5654.0
5729.0
5646.0
5625.0
5305.0
5240.0
5222.0
5963.0
5787.0
5240.0
5298.0
5047.0
5680.0
5900.0
5447.0
5589.0
5532.0
5234.0
5049.0
5173.0
5478.0
5897.0
4975.0
5488.0
5257.0
5647.0
5554.0
5262.0
4954.0
5352.0
5517.0
5398.0
5664.0
5944.0
5468.0
5204.0
5309.0
5982.0
5637.0
5413.0
6216.0
6039.0
5158.0
5204.0
5809.0
5559.0
5593.0
5435.0
5178.0
5515.0
5235.0
6385.0
5450.0
5345.0
5676.0
6251.0
5454.0
5879.0
6234.0
5643.0
5370.0
5727.0
5574.0
5389.0
5048.0
5777.0
5775.0
5568.0
5104.0
6118.0
6348.0
5604.0
5533.0
4714.0
6192.0
5885.0
5726.0
4861.0
5462.0
4650.0
5639.0
5927.0
5218.0
5930.0
5993.0
5219.0
5745.0
5868.0
6203.0
5031.0
5893.0
5086.0
5342.0
5821.0
5488.0
5802.0
5555.0
5243.0
5013.0
5227.0
6021.0
6353.0
5702.0
5897.0
5753.0
4863.0
5511.0
5098.0
5003.0
4623.0
5539.0
5939.0
5347.0
5538.0
5256.0
5640.0
6178.0
6455.0
6388.0
5697.0
5858.0
6573.0
5115.0
5588.0
5637.0
5621.0
6364.0
5246.0
5800.0
5506.0
5237.0
5219.0
5949.0
5819.0
4954.0
5604.0
5489.0
5329.0
5711.0
6004.0
5887.0
6241.0
5717.0
5280.0
6163.0
4976.0
4997.0
6178.0
6082.0
6148.0
4767.0
6034.0
5836.0
6036.0
5577.0
5110.0
5288.0
4950.0
5312.0
5333.0
5577.0
5435.0
5418.0
5486.0
5034.0
5369.0
5675.0
6027.0
5453.0
5765.0
6199.0
5514.0
5554.0
5578.0
5582.0
5846.0
5218.0
5746.0
5649.0
5848.0
5395.0
5306.0
5170.0
5566.0
5451.0
4746.0
5207.0
5155.0
6376.0
5223.0
5624.0
5281.0
5583.0
5550.0
5685.0
5655.0
6069.0
5538.0
5886.0
6264.0
5609.0
5906.0
5636.0
6467.0
6172.0
6095.0
5699.0
5833.0
5421.0
5497.0
5838.0
5208.0
5971.0
5559.0
5607.0
5577.0
5371.0
6011.0
6099.0
5418.0
5720.0
5868.0
6162.0
5507.0
5843.0
5499.0
5852.0
5236.0
5294.0
5185.0
5891.0
5937.0
5519.0
5340.0
5494.0
5746.0
5790.0
6102.0
6324.0
5847.0
5920.0
5849.0
6041.0
5892.0
5840.0
5367.0
5538.0
5880.0
5986.0
5855.0
5075.0
4915.0
5951.0
5797.0
5915.0
5753.0
5274.0
5955.0
4768.0
5450.0
5810.0
6578.0
5778.0
5878.0
5455.0
6043.0
5012.0
5834.0
5229.0
5799.0
5499.0
5375.0
5124.0
5720.0
5499.0
5937.0
5643.0
5117.0
4777.0
5128.0
5118.0
6057.0
5543.0
4905.0
5436.0
5475.0
5858.0
5170.0
6000.0
5607.0
4960.0
5409.0
5723.0
5704.0
5315.0
5640.0
5138.0
5299.0
5488.0
5115.0
5785.0
5400.0
6078.0
5095.0
4606.0
5513.0
5517.0
5186.0
5675.0
5437.0
5182.0
5923.0
6204.0
5519.0
5275.0
5626.0
5453.0
5847.0
5541.0
5990.0
5449.0
6202.0
6202.0
5241.0
5685.0
6433.0
5548.0
5964.0
5831.0
5548.0
4506.0
5371.0
5143.0
5324.0
5875.0
5663.0
4851.0
5467.0
5379.0
4501.0
5852.0
6116.0
6387.0
5421.0
5614.0
5097.0
5243.0
5827.0
5737.0
5649.0
5314.0
6367.0
6172.0
5275.0
5126.0
5242.0
5210.0
5421.0
5621.0
6033.0
4909.0
5858.0
5348.0
5654.0
5298.0
5899.0
6288.0
5381.0
4890.0
5813.0
5565.0
5583.0
6191.0
5297.0
5729.0
5005.0
5066.0
5366.0
5879.0
5454.0
5196.0
5403.0
5542.0
5238.0
4976.0
5798.0
4657.0
5404.0
5363.0
5980.0
5660.0
5481.0
5575.0
5072.0
5685.0
5569.0
5237.0
5508.0
6022.0
5848.0
6265.0
5867.0
5506.0
5756.0
5313.0
5914.0
5995.0
5520.0
5466.0
5689.0
5812.0
5537.0
5788.0
5502.0
5572.0
4989.0
5902.0
6013.0
4964.0
5887.0
5831.0
5355.0
5579.0
5675.0
5103.0
5865.0
5142.0
5420.0
5683.0
5297.0
5286.0
5737.0
4832.0
5479.0
5643.0
6059.0
5980.0
5706.0
5256.0
5634.0
5797.0
5165.0
5434.0
6366.0
5464.0
6409.0
5460.0
5001.0
5820.0
5906.0
5670.0
5479.0
5633.0
5309.0
5497.0
5447.0
5280.0
5924.0
5857.0
6227.0
6565.0
5074.0
5841.0
6029.0
4885.0
5414.0
5795.0
6648.0
4527.0
6022.0
4647.0
6226.0
6375.0
5045.0
5553.0
5511.0
5385.0
5493.0
5022.0
5412.0
5209.0
5614.0
5329.0
5336.0
6090.0
6593.0
5922.0
5078.0
5977.0
4500.0
5224.0
5512.0
5067.0
6033.0
5669.0
5077.0
6034.0
5464.0
5953.0
6429.0
5771.0
5071.0
6124.0
5368.0
4735.0
5290.0
6037.0
4719.0
5480.0
5744.0
4977.0
6082.0
5983.0
5211.0
6129.0
6663.0
5454.0
4515.0
5446.0
5885.0
5489.0
4493.0
6446.0
6155.0
5407.0
6322.0
4332.0
5648.0
5182.0
6250.0
5431.0
6387.0
5196.0
5630.0
6097.0
5988.0
6733.0
6655.0
5514.0
5567.0
5223.0
5970.0
4560.0
5629.0
5956.0
5347.0
5575.0
6029.0
4663.0
5300.0
5630.0
5254.0
4389.0
6692.0
5834.0
5088.0
5473.0
4699.0
5983.0
5924.0
5980.0
5700.0
6111.0
6207.0
4630.0
6321.0
6437.0
4784.0
6086.0
5902.0
5057.0
5376.0
5602.0
4365.0
5674.0
5294.0
5028.0
5422.0
5910.0
6518.0
4640.0
5403.0
4687.0
5964.0
5901.0
5636.0
4935.0
6039.0
5158.0
6857.0
4728.0
4585.0
6431.0
5934.0
6470.0
4798.0
5300.0
5914.0
4165.0
5136.0
5214.0
5672.0
5415.0
5622.0
5485.0
6742.0
5466.0
5054.0
4823.0
5971.0
5661.0
5370.0
5768.0
5965.0
5229.0
6096.0
5396.0
5932.0
5918.0
6172.0
4934.0
6266.0
5457.0
5629.0
5227.0
5504.0
6032.0
5874.0
5249.0
5626.0
5809.0
5455.0
6005.0
5250.0
5506.0
6037.0
5364.0
6255.0
5280.0
5616.0
5593.0
5493.0
5748.0
5727.0
5680.0
5002.0
5872.0
5809.0
5776.0
5939.0
4796.0
4762.0
5822.0
5603.0
5110.0
5274.0
5774.0
6358.0
4935.0
4626.0
5318.0
6189.0
5622.0
5931.0
5741.0
5763.0
6412.0
6119.0
4651.0
6228.0
5774.0
5204.0
6092.0
5449.0
5425.0
4743.0
5673.0
5519.0
5671.0
6526.0
5035.0
5424.0
6358.0
4860.0
6453.0
5018.0
5903.0
4985.0
5156.0
4992.0
6016.0
5229.0
5206.0
4534.0
5216.0
5200.0
5317.0
5021.0
5886.0
6107.0
5285.0
5181.0
4357.0
6231.0
5371.0
5207.0
6191.0
5463.0
5844.0
4958.0
5134.0
5467.0
5112.0
5792.0
6480.0
5343.0
5370.0
5829.0
5110.0
4736.0
4662.0
5094.0
5021.0
5241.0
5075.0
5245.0
5945.0
5382.0
5193.0
5548.0
6119.0
6394.0
6630.0
6452.0
5714.0
4935.0
5031.0
6485.0
5552.0
6548.0
5358.0
6194.0
6011.0
5578.0
5688.0
5246.0
5394.0
6790.0
5618.0
5979.0
5192.0
4331.0
5525.0
6874.0
5559.0
4751.0
5758.0
4586.0
5915.0
5141.0
6239.0
5446.0
5462.0
5265.0
5489.0
6187.0
6827.0
4448.0
6454.0
5592.0
4973.0
6064.0
5797.0
5037.0
5106.0
6590.0
4844.0
6149.0
5086.0
5330.0
6960.0
5464.0
5692.0
6044.0
5602.0
5649.0
6961.0
6187.0
6347.0
5049.0
5539.0
5038.0
6177.0
5269.0
7250.0
6423.0
5546.0
3909.0
5523.0
6261.0
5825.0
5648.0
5805.0
5334.0
4081.0
4728.0
5842.0
6519.0
3936.0
5211.0
5964.0
5636.0
6661.0
5919.0
7235.0
5304.0
5559.0
5539.0
6194.0
4735.0
6192.0
5842.0
5700.0
4608.0
5454.0
3547.0
5643.0
4423.0
4264.0
6172.0
4610.0
6334.0
6859.0
5891.0
5231.0
5576.0
5906.0
5021.0
4992.0
5443.0
6653.0
5832.0
5309.0
5024.0
5266.0
5587.0
4889.0
3993.0
5536.0
6599.0
6364.0
4851.0
6311.0
5585.0
6716.0
4378.0
5465.0
4611.0
4454.0
6146.0
5111.0
5147.0
6098.0
4944.0
5379.0
5388.0
5928.0
4718.0
5486.0
6335.0
5817.0
6261.0
5628.0
7346.0
5632.0
4665.0
5254.0
6118.0
6248.0
4983.0
5655.0
4391.0
5804.0
5523.0
6185.0
6307.0
4523.0
4492.0
5495.0
6115.0
5209.0
6398.0
5379.0
3809.0
5033.0
5835.0
3830.0
3656.0
5721.0
5926.0
7237.0
4771.0
6222.0
5377.0
6956.0
5593.0
6660.0
4057.0
5200.0
5750.0
4484.0
4264.0
6237.0
4763.0
5604.0
4625.0
6672.0
4343.0
5038.0
5411.0
6384.0
4729.0
5728.0
6238.0
4699.0
6398.0
5336.0
5746.0
4796.0
5602.0
7182.0
4972.0
6135.0
5767.0
5889.0
5275.0
4449.0
4813.0
4137.0
6203.0
3971.0
6102.0
5424.0
6675.0
5374.0
5043.0
5927.0
6144.0
5080.0
5926.0
6197.0
5813.0
4676.0
6066.0
5266.0
4986.0
6722.0
6249.0
5572.0
5505.0
5270.0
5448.0
5924.0
6281.0
5096.0
5569.0
6209.0
6846.0
7137.0
6413.0
