9313.0
9267.0
9425.0
9122.0
9285.0
9344.0
8696.0
8729.0
9905.0
9283.0
9249.0
9354.0
9381.0
10131.0
9363.0
9015.0
8798.0
9166.0
9468.0
8828.0
8501.0
9277.0
9127.0
9222.0
9578.0
8369.0
9719.0
9410.0
8992.0
9761.0
9574.0
9415.0
9148.0
8747.0
9433.0
8728.0
9089.0
9409.0
9951.0
8833.0
8834.0
8578.0
8837.0
9654.0
9181.0
9066.0
10262.0
9182.0
9388.0
9352.0
8795.0
9763.0
9784.0
9724.0
10019.0
8899.0
9906.0
9627.0
9299.0
8535.0
9127.0
8964.0
9457.0
9055.0
9578.0
8801.0
8800.0
9901.0
9513.0
9053.0
9839.0
9453.0
9766.0
9218.0
9289.0
8758.0
9229.0
9088.0
9455.0
9593.0
9704.0
9075.0
9421.0
9172.0
9292.0
9771.0
9275.0
10017.0
9812.0
9870.0
9558.0
8961.0
9328.0
9050.0
9449.0
8658.0
9304.0
8902.0
8449.0
9210.0
8774.0
9221.0
8754.0
8959.0
9010.0
8894.0
10396.0
10122.0
9556.0
8992.0
8915.0
9836.0
9499.0
9560.0
8746.0
9174.0
9574.0
8497.0
8644.0
8978.0
8860.0
9709.0
9647.0
10054.0
9596.0
9405.0
10637.0
8831.0
9635.0
8913.0
9293.0
9307.0
9299.0
9620.0
9828.0
9797.0
9595.0
10179.0
9441.0
8798.0
9264.0
9891.0
10792.0
9182.0
9817.0
9399.0
9918.0
9105.0
9612.0
8807.0
9906.0
9386.0
9304.0
9158.0
9423.0
9073.0
9768.0
9526.0
9855.0
9639.0
10264.0
9212.0
9281.0
9719.0
9359.0
10077.0
9196.0
9249.0
9263.0
9763.0
10059.0
9283.0
10140.0
9690.0
9180.0
10189.0
9374.0
9596.0
9517.0
9575.0
8971.0
9067.0
10385.0
10428.0
9923.0
9264.0
10067.0
9312.0
9946.0
10153.0
9852.0
9679.0
9176.0
9540.0
9347.0
9778.0
9488.0
9620.0
9221.0
9024.0
10392.0
9272.0
9709.0
9623.0
9420.0
9646.0
9727.0
9734.0
9760.0
9953.0
9411.0
9619.0
9377.0
9877.0
9272.0
9609.0
9582.0
9861.0
9679.0
9627.0
9743.0
9638.0
10202.0
9686.0
10277.0
9069.0
9609.0
9388.0
9778.0
10005.0
10248.0
9208.0
9097.0
9271.0
10031.0
10348.0
10006.0
9629.0
9365.0
9683.0
9430.0
9555.0
8563.0
9183.0
9846.0
9776.0
9299.0
9311.0
9243.0
9438.0
10072.0
9144.0
10154.0
9883.0
9690.0
9614.0
9604.0
9532.0
9696.0
9985.0
8933.0
8709.0
9995.0
9677.0
9919.0
9677.0
9221.0
9925.0
9601.0
9484.0
9368.0
9516.0
8966.0
9118.0
9583.0
9382.0
9516.0
9692.0
9508.0
9546.0
9918.0
9558.0
9201.0
10077.0
10067.0
9670.0
9608.0
9922.0
9757.0
10025.0
9340.0
9039.0
9590.0
10211.0
9149.0
9232.0
9441.0
9606.0
9134.0
9009.0
9158.0
8552.0
9682.0
8717.0
10332.0
9397.0
9562.0
9404.0
9379.0
9270.0
9572.0
9729.0
9449.0
9290.0
9259.0
9490.0
9589.0
9683.0
9121.0
9426.0
8530.0
9751.0
8910.0
9881.0
9698.0
9740.0
8790.0
9416.0
9812.0
9308.0
9869.0
9588.0
8612.0
9356.0
10017.0
9323.0
9086.0
9519.0
9218.0
9327.0
9192.0
8161.0
9072.0
8754.0
9654.0
8985.0
9580.0
9918.0
9677.0
9502.0
9268.0
9386.0
8211.0
8879.0
9394.0
9166.0
9178.0
9049.0
9317.0
9012.0
9411.0
9224.0
9328.0
9544.0
9109.0
8626.0
9688.0
9267.0
9653.0
9279.0
9639.0
9382.0
8961.0
9068.0
9135.0
8309.0
9504.0
8996.0
8876.0
9255.0
8711.0
9285.0
9428.0
9639.0
9532.0
8660.0
9439.0
9538.0
9419.0
8962.0
9614.0
9203.0
8729.0
9405.0
9223.0
9031.0
8926.0
9358.0
9328.0
9412.0
10130.0
9122.0
8884.0
9837.0
9420.0
9746.0
9116.0
9521.0
8964.0
8792.0
8389.0
9939.0
8708.0
9517.0
8900.0
9339.0
9065.0
9769.0
8990.0
9337.0
9582.0
9398.0
9269.0
9247.0
9224.0
8901.0
9029.0
9633.0
9126.0
8738.0
9425.0
9453.0
8960.0
9184.0
9727.0
9451.0
9255.0
8942.0
9587.0
9229.0
9276.0
9101.0
9639.0
9761.0
10018.0
9431.0
9470.0
9336.0
9269.0
9094.0
9964.0
9587.0
9620.0
8833.0
9212.0
9446.0
9099.0
9181.0
9355.0
9104.0
9572.0
9326.0
9188.0
8976.0
8849.0
9094.0
9138.0
9187.0
9528.0
9222.0
9172.0
9630.0
9479.0
9045.0
9132.0
9612.0
9254.0
9531.0
8908.0
10067.0
9556.0
9347.0
9313.0
9468.0
9494.0
9397.0
9563.0
9646.0
9970.0
10018.0
9423.0
9614.0
9842.0
9478.0
9653.0
9840.0
9214.0
10137.0
9702.0
10039.0
9849.0
10116.0
10116.0
9617.0
9611.0
9338.0
9905.0
9723.0
9915.0
9747.0
10314.0
8629.0
9637.0
9857.0
10230.0
9760.0
9041.0
9716.0
9516.0
9684.0
9188.0
9709.0
9767.0
9370.0
9756.0
9676.0
9381.0
9863.0
9818.0
9893.0
9756.0
9030.0
9850.0
9606.0
9782.0
9919.0
9433.0
9742.0
9287.0
9401.0
10499.0
9825.0
9665.0
9753.0
9208.0
9415.0
9380.0
9453.0
9471.0
9964.0
9582.0
9603.0
9796.0
9063.0
9413.0
9571.0
9405.0
9461.0
9493.0
9292.0
9808.0
10012.0
9975.0
9236.0
9862.0
9486.0
9543.0
9326.0
9212.0
9701.0
10067.0
9743.0
10527.0
9566.0
9949.0
9555.0
9161.0
9286.0
9591.0
9355.0
10120.0
9362.0
8804.0
9664.0
10152.0
9956.0
9647.0
9959.0
10256.0
9723.0
9552.0
9507.0
9579.0
9592.0
9900.0
9113.0
9480.0
9365.0
9796.0
9427.0
9849.0
9819.0
10027.0
9635.0
9480.0
9763.0
9254.0
9863.0
9045.0
9886.0
9728.0
9616.0
9117.0
9807.0
9834.0
9654.0
9919.0
9167.0
9842.0
8761.0
9414.0
9396.0
10135.0
9155.0
9589.0
9743.0
10006.0
10142.0
9648.0
10025.0
9045.0
10185.0
9733.0
9662.0
9151.0
10602.0
10369.0
8946.0
9658.0
9153.0
10049.0
10000.0
9597.0
9872.0
9182.0
8544.0
10214.0
8956.0
9058.0
9063.0
8936.0
9037.0
9973.0
10047.0
9755.0
9492.0
10100.0
9067.0
9362.0
10116.0
9175.0
9322.0
9628.0
9419.0
9607.0
9584.0
9750.0
8930.0
8816.0
9948.0
9744.0
9478.0
9829.0
9324.0
9953.0
9274.0
8823.0
9088.0
9339.0
10392.0
9876.0
9559.0
9513.0
9406.0
9481.0
9396.0
10031.0
10324.0
9994.0
9260.0
9407.0
9107.0
9305.0
9488.0
8967.0
9584.0
9456.0
9451.0
9072.0
9548.0
9571.0
9880.0
9568.0
10066.0
8996.0
9583.0
8598.0
10861.0
9568.0
9793.0
10055.0
9274.0
10063.0
9490.0
9184.0
9515.0
9630.0
9852.0
9558.0
9766.0
9164.0
9520.0
9727.0
9496.0
9048.0
10039.0
9838.0
9905.0
9025.0
9847.0
9629.0
9624.0
9762.0
10446.0
9669.0
9216.0
9571.0
8978.0
9873.0
9890.0
9324.0
10323.0
10303.0
9357.0
10206.0
9575.0
9626.0
9141.0
9946.0
9786.0
9692.0
9964.0
9400.0
9040.0
9734.0
10304.0
9985.0
9477.0
9724.0
9637.0
9267.0
9396.0
10242.0
10558.0
9205.0
9853.0
9151.0
9115.0
9984.0
9173.0
10629.0
9266.0
9735.0
10053.0
9175.0
9158.0
9346.0
9591.0
9360.0
9197.0
9592.0
9825.0
10045.0
9839.0
9331.0
9554.0
8904.0
9780.0
9446.0
9944.0
10327.0
8975.0
10009.0
9647.0
8715.0
9099.0
9418.0
10416.0
9864.0
8887.0
9364.0
9862.0
9519.0
9151.0
10501.0
9859.0
9089.0
9306.0
9744.0
10153.0
8843.0
9285.0
9262.0
9195.0
9633.0
9711.0
9288.0
9114.0
9730.0
9532.0
9966.0
10062.0
8797.0
9643.0
9943.0
10061.0
9714.0
9041.0
9855.0
9780.0
8620.0
8933.0
9348.0
9956.0
9516.0
10612.0
9470.0
9301.0
9007.0
8682.0
9557.0
9517.0
9745.0
10083.0
8927.0
9493.0
9601.0
9479.0
9161.0
9845.0
9540.0
9656.0
9677.0
9852.0
9550.0
9480.0
8903.0
9804.0
9065.0
9105.0
9730.0
9008.0
9266.0
8495.0
9747.0
9511.0
10163.0
9246.0
9526.0
9789.0
9334.0
9808.0
10181.0
9456.0
8669.0
9803.0
9138.0
9587.0
8617.0
9133.0
8984.0
10080.0
9506.0
9182.0
8703.0
9578.0
9553.0
9494.0
9245.0
9616.0
9299.0
9776.0
9895.0
9439.0
8607.0
10053.0
9954.0
9301.0
9500.0
9605.0
9327.0
9829.0
9749.0
9444.0
9359.0
9836.0
10012.0
9910.0
9944.0
9087.0
9884.0
9762.0
9458.0
9002.0
9635.0
9470.0
9982.0
9303.0
9166.0
9276.0
9895.0
9020.0
9401.0
9102.0
9488.0
9332.0
9480.0
9779.0
9820.0
9753.0
8938.0
9621.0
9157.0
9503.0
9617.0
10089.0
9616.0
9565.0
8967.0
9686.0
9826.0
9424.0
9547.0
9970.0
9187.0
10025.0
9003.0
9519.0
9841.0
10050.0
9580.0
9613.0
8589.0
9851.0
9262.0
9431.0
9416.0
10472.0
9310.0
10005.0
9255.0
9200.0
9403.0
10108.0
9424.0
8840.0
8391.0
9590.0
9636.0
9227.0
8974.0
9101.0
9670.0
9464.0
9533.0
8745.0
9636.0
9614.0
9610.0
9361.0
9063.0
9678.0
9356.0
8750.0
9362.0
9065.0
9955.0
8734.0
9188.0
9710.0
10037.0
9383.0
9301.0
8869.0
9210.0
9350.0
9105.0
9506.0
9326.0
9199.0
9322.0
9394.0
8905.0
8615.0
9269.0
8746.0
9558.0
9828.0
10163.0
9569.0
9272.0
8674.0
9229.0
9732.0
9639.0
9302.0
9754.0
9427.0
10177.0
9927.0
9632.0
9312.0
9806.0
9025.0
9184.0
9209.0
8844.0
8534.0
9214.0
9724.0
9408.0
9450.0
9376.0
9387.0
9571.0
9854.0
9096.0
9642.0
9573.0
9515.0
9388.0
10108.0
9271.0
9220.0
9420.0
9113.0
9343.0
9838.0
8773.0
9410.0
9348.0
9702.0
9601.0
9687.0
9784.0
9490.0
9449.0
9910.0
9647.0
9544.0
9414.0
9336.0
8669.0
9161.0
9179.0
9454.0
9435.0
9640.0
9558.0
9314.0
8532.0
9509.0
10441.0
8272.0
9266.0
9877.0
9623.0
9901.0
9300.0
10626.0
9874.0
8423.0
9412.0
9939.0
8986.0
9573.0
10267.0
9807.0
9851.0
9962.0
9415.0
9840.0
9150.0
9945.0
9734.0
9119.0
9543.0
9169.0
9506.0
9388.0
9609.0
9215.0
9866.0
9437.0
9824.0
9876.0
8917.0
9549.0
9569.0
9951.0
9583.0
9681.0
9339.0
9253.0
9034.0
9093.0
9851.0
9445.0
9821.0
9181.0
9152.0
9929.0
10252.0
9974.0
9595.0
9740.0
9824.0
9695.0
9400.0
10270.0
9703.0
10050.0
9068.0
9188.0
9396.0
9237.0
9361.0
9441.0
9683.0
9421.0
10346.0
8985.0
10376.0
9777.0
8989.0
9343.0
9602.0
9709.0
10021.0
9439.0
9753.0
9451.0
9720.0
9488.0
9817.0
10171.0
9567.0
9953.0
9481.0
9368.0
9783.0
9476.0
9193.0
9231.0
9785.0
9345.0
9534.0
9349.0
9492.0
10072.0
9397.0
9943.0
10269.0
9679.0
9798.0
9643.0
9410.0
9245.0
9212.0
10110.0
9189.0
9453.0
9840.0
9811.0
9735.0
10135.0
8905.0
9837.0
9403.0
9840.0
10030.0
9509.0
9307.0
8989.0
9654.0
10073.0
9184.0
9215.0
9551.0
8460.0
9665.0
9511.0
9856.0
9336.0
9687.0
9703.0
9493.0
9136.0
10060.0
8867.0
9218.0
9888.0
10151.0
8826.0
9588.0
9507.0
9333.0
9915.0
9821.0
9358.0
9864.0
8995.0
9728.0
10359.0
9783.0
9065.0
10055.0
9862.0
9306.0
9003.0
9820.0
9873.0
9672.0
9655.0
9490.0
9424.0
9566.0
9347.0
9099.0
9492.0
9292.0
9282.0
9433.0
9414.0
9697.0
9564.0
9086.0
9499.0
9010.0
10158.0
9568.0
8872.0
9192.0
9819.0
9726.0
9569.0
9324.0
9132.0
9423.0
9298.0
9616.0
9471.0
9161.0
9663.0
9246.0
9713.0
10243.0
9195.0
9485.0
9697.0
9403.0
9256.0
9889.0
9488.0
9740.0
10459.0
9863.0
8913.0
9314.0
9672.0
9588.0
9857.0
9655.0
9828.0
9832.0
9053.0
9781.0
9794.0
9838.0
8988.0
9713.0
9654.0
9081.0
9665.0
9782.0
9618.0
9301.0
9218.0
9404.0
9541.0
10124.0
8982.0
9350.0
10343.0
10271.0
9871.0
9855.0
8855.0
9689.0
9817.0
9789.0
9781.0
9748.0
10033.0
10400.0
8848.0
9538.0
9711.0
9668.0
9437.0
10270.0
9622.0
9181.0
9556.0
9873.0
9229.0
9300.0
9253.0
9175.0
9175.0
9983.0
9348.0
9739.0
9562.0
9559.0
9387.0
10288.0
9745.0
9280.0
9013.0
9486.0
10038.0
9726.0
9309.0
9313.0
9081.0
9830.0
9391.0
9038.0
9340.0
10382.0
8430.0
9175.0
9720.0
8944.0
9560.0
9052.0
9889.0
9263.0
9410.0
9534.0
9609.0
8726.0
9143.0
9843.0
9396.0
9121.0
8939.0
9745.0
10122.0
9511.0
9588.0
9109.0
8893.0
9714.0
9664.0
9509.0
9071.0
9803.0
9495.0
9952.0
9548.0
9541.0
9479.0
9555.0
9453.0
8840.0
10131.0
9154.0
9040.0
9003.0
9081.0
9120.0
9476.0
9419.0
10116.0
9251.0
9610.0
9660.0
9623.0
9636.0
10070.0
10279.0
9825.0
9441.0
9042.0
9977.0
10001.0
9759.0
8767.0
9445.0
9745.0
9818.0
9767.0
9997.0
9852.0
9371.0
10280.0
9927.0
9724.0
9629.0
9416.0
9071.0
9553.0
9429.0
10193.0
9650.0
8349.0
9373.0
9129.0
10158.0
9297.0
9435.0
9848.0
9168.0
9552.0
9725.0
9843.0
10500.0
9718.0
9736.0
9435.0
10072.0
9311.0
9542.0
9424.0
9568.0
10045.0
9242.0
10232.0
10505.0
9984.0
9190.0
9563.0
9795.0
9302.0
9126.0
9616.0
9541.0
9519.0
10030.0
9805.0
9651.0
9553.0
9643.0
9766.0
9739.0
9495.0
9566.0
9803.0
9597.0
9960.0
9745.0
9530.0
9762.0
9835.0
9388.0
9460.0
9451.0
9836.0
9538.0
9609.0
9993.0
9562.0
9574.0
9299.0
10522.0
9760.0
9183.0
9409.0
9762.0
8623.0
9119.0
10288.0
9639.0
9550.0
9372.0
9943.0
9608.0
9402.0
8664.0
9911.0
9048.0
8763.0
9619.0
9242.0
9689.0
9048.0
9747.0
9473.0
9604.0
9262.0
9799.0
8942.0
9301.0
9237.0
9223.0
9257.0
9922.0
9558.0
9847.0
9831.0
9528.0
9620.0
9335.0
9403.0
8889.0
9331.0
9801.0
9551.0
9131.0
9351.0
9466.0
9468.0
9321.0
9715.0
9742.0
9151.0
9898.0
9362.0
9596.0
9497.0
9745.0
9595.0
9660.0
9792.0
9578.0
9561.0
9278.0
9575.0
8530.0
9615.0
9203.0
9577.0
9520.0
9035.0
9429.0
9292.0
9925.0
9143.0
10318.0
9857.0
9925.0
8644.0
8870.0
9776.0
9747.0
9172.0
9857.0
10309.0
9761.0
9524.0
9566.0
10004.0
9232.0
9086.0
10094.0
9136.0
9215.0
9902.0
9396.0
9382.0
9561.0
9974.0
9155.0
9197.0
9675.0
9848.0
9376.0
9940.0
9319.0
9155.0
8705.0
9790.0
8859.0
9625.0
8612.0
8662.0
9629.0
8985.0
9153.0
9927.0
9964.0
9580.0
9815.0
9483.0
9231.0
9576.0
10225.0
9627.0
10419.0
9536.0
9653.0
8892.0
9611.0
9272.0
9307.0
10046.0
9426.0
10214.0
9742.0
9499.0
9188.0
9439.0
10015.0
9450.0
9633.0
9764.0
10288.0
9329.0
9217.0
9337.0
10124.0
9558.0
9976.0
9685.0
9995.0
9575.0
9371.0
10080.0
9586.0
8930.0
9864.0
10007.0
9691.0
9379.0
9739.0
9462.0
10403.0
10067.0
9659.0
10146.0
9707.0
9124.0
9693.0
9318.0
9504.0
9887.0
10249.0
9268.0
9739.0
9344.0
9618.0
9598.0
9846.0
10118.0
9242.0
9729.0
9092.0
9565.0
9657.0
9478.0
8505.0
9336.0
9618.0
9835.0
9824.0
9160.0
10114.0
9893.0
9557.0
9495.0
9886.0
9327.0
9951.0
9067.0
9933.0
9772.0
9275.0
9843.0
9569.0
9469.0
10037.0
9294.0
10037.0
9041.0
9397.0
8775.0
9411.0
9809.0
9375.0
8793.0
9092.0
9314.0
9699.0
9046.0
9707.0
9081.0
9753.0
9857.0
8973.0
8861.0
9595.0
9380.0
9644.0
9315.0
8993.0
9983.0
8903.0
9818.0
9392.0
9940.0
9150.0
9569.0
9589.0
9072.0
10465.0
9175.0
9164.0
9518.0
9449.0
8805.0
10095.0
9258.0
9639.0
9483.0
10234.0
9305.0
9759.0
9618.0
9788.0
9084.0
8775.0
9128.0
9658.0
9807.0
9640.0
8978.0
9331.0
10039.0
10025.0
9038.0
9447.0
9938.0
8923.0
10917.0
9386.0
10324.0
10002.0
9123.0
9584.0
9727.0
9868.0
9685.0
8911.0
10527.0
9410.0
9877.0
10117.0
9592.0
9362.0
9611.0
8911.0
9392.0
9495.0
9567.0
9159.0
8960.0
9741.0
10381.0
9315.0
9531.0
8942.0
9811.0
8980.0
9458.0
9169.0
9514.0
9901.0
10034.0
9755.0
9550.0
9253.0
8683.0
9731.0
9725.0
8745.0
9569.0
10089.0
9013.0
9699.0
9392.0
8720.0
9969.0
10121.0
9551.0
10028.0
8884.0
9320.0
9604.0
9720.0
9857.0
9565.0
10249.0
9769.0
9173.0
9941.0
9619.0
9871.0
9817.0
9059.0
9761.0
9939.0
9273.0
9529.0
9356.0
9700.0
9984.0
9659.0
9618.0
9359.0
9806.0
9457.0
9341.0
9939.0
8872.0
9013.0
9611.0
9649.0
9343.0
9721.0
9100.0
9400.0
10471.0
10135.0
10092.0
9542.0
9633.0
9332.0
9786.0
9503.0
9560.0
8943.0
9560.0
9742.0
9508.0
10094.0
9521.0
9320.0
9832.0
9323.0
9791.0
9867.0
9677.0
10280.0
9389.0
9835.0
8899.0
9835.0
9986.0
9511.0
10017.0
9929.0
9323.0
10095.0
9253.0
9874.0
9222.0
9564.0
10244.0
9831.0
10121.0
9247.0
9498.0
9612.0
10016.0
9525.0
10342.0
8796.0
9658.0
10169.0
9571.0
10020.0
9113.0
9058.0
9018.0
9931.0
9812.0
9021.0
9836.0
9879.0
9446.0
9679.0
9594.0
10137.0
9063.0
9797.0
9204.0
9448.0
9803.0
9685.0
9719.0
9524.0
9629.0
9440.0
9493.0
9236.0
9287.0
9933.0
9050.0
8979.0
9964.0
10366.0
10181.0
8894.0
9336.0
9496.0
9792.0
9435.0
9059.0
9905.0
9684.0
9645.0
9177.0
9661.0
9586.0
9040.0
9671.0
9622.0
9658.0
8832.0
10096.0
8910.0
8765.0
9270.0
9220.0
9591.0
9869.0
9233.0
9304.0
9252.0
9417.0
9627.0
9373.0
9942.0
9519.0
9272.0
9544.0
9462.0
9377.0
9528.0
9462.0
9475.0
9813.0
9875.0
9572.0
9607.0
8823.0
9595.0
9461.0
9314.0
9572.0
9634.0
9574.0
9159.0
9218.0
9119.0
9606.0
9922.0
9655.0
9227.0
10055.0
9651.0
9283.0
9645.0
9348.0
9104.0
9117.0
8955.0
9228.0
9561.0
9738.0
9994.0
10763.0
9361.0
8989.0
9433.0
9063.0
9110.0
9620.0
9500.0
9250.0
10048.0
9338.0
9929.0
9252.0
9492.0
9110.0
9722.0
9517.0
9619.0
9781.0
9630.0
9448.0
9838.0
9434.0
9451.0
9293.0
9544.0
9671.0
9328.0
8939.0
9446.0
9153.0
10482.0
9763.0
9360.0
9543.0
9534.0
9391.0
9636.0
9976.0
9328.0
9212.0
9969.0
8820.0
9788.0
9974.0
9797.0
9446.0
9228.0
9074.0
8789.0
9562.0
9633.0
10263.0
9823.0
9575.0
9351.0
8961.0
9741.0
9694.0
9572.0
10066.0
10408.0
9448.0
9002.0
9641.0
10143.0
8869.0
9766.0
9014.0
9401.0
10122.0
9460.0
9690.0
9151.0
9237.0
9115.0
9010.0
9496.0
9533.0
9235.0
9254.0
9406.0
10032.0
9367.0
9739.0
9483.0
10132.0
9432.0
8987.0
9223.0
8750.0
10115.0
9467.0
9663.0
9455.0
9385.0
9505.0
9796.0
9692.0
9167.0
9524.0
9442.0
9789.0
9859.0
9683.0
10393.0
9650.0
9311.0
9420.0
9657.0
9250.0
9677.0
9727.0
9346.0
9583.0
10083.0
9458.0
9715.0
9358.0
10079.0
9328.0
9210.0
9711.0
9512.0
10181.0
10299.0
9497.0
9416.0
9078.0
10118.0
10152.0
9694.0
10061.0
9839.0
9176.0
9497.0
10173.0
9413.0
9765.0
9927.0
9820.0
10135.0
9645.0
9606.0
9557.0
9677.0
9701.0
9277.0
10092.0
9283.0
10088.0
9503.0
9906.0
9686.0
9646.0
9439.0
9709.0
9681.0
9442.0
10022.0
9503.0
9303.0
9202.0
9059.0
10101.0
9594.0
8917.0
9333.0
8862.0
10193.0
9104.0
9794.0
9903.710581033909
9773.434859037345
9665.19415898262
9559.31271137038
9739.06193333852
9576.447044982478
9300.920887851693
9198.003439145494
9653.334968276331
10267.313136908006
10530.793470541885
10541.185105907029
10452.9092743985
10678.30636570107
10406.87074197956
9592.066547681201
9623.229979625808
9539.81571279607
9829.308401965458
10420.55167344121
9324.99179652893
9967.260606595713
9114.731471215484
9758.186369679564
9696.749771274766
9860.701998494997
10406.219177984642
10168.680466511165
9772.51949630013
10212.058607268878
9327.66565578714
10046.723531390096
9908.820843157313
10059.448625499974
9644.20948589095
9359.728212818602
10163.227835149182
9624.341581529945
10521.203823941107
9624.565625360376
9657.326643815699
10364.29320812404
9827.908208588166
9692.801281927192
10033.421863768244
9598.856085133139
9497.023007387124
9890.86155747194
10494.72761255162
9601.253158786007
9879.641935039332
9760.691748780397
9300.52674847101
9511.573322120841
9727.063133729604
9522.361900910413
10006.85954752504
9986.228882797175
9064.793053503186
9566.566129249348
9781.263012366271
9496.76641384653
9579.551245951965
9618.02361400224
9697.996640297812
10021.033406728744
10310.906263326468
9906.759613924905
9804.634238234192
10198.368044849669
9460.46888082003
9933.616305207692
9508.735817952662
10221.736858803684
9599.807445023082
10328.690293768685
9961.973254028742
9707.258792121402
9911.545326022542
10102.439561338995
9413.831515775391
10007.046566802386
9687.303201135674
9218.43456312289
10398.57710616467
9111.041187193317
10051.377536897735
9584.46364544215
9565.884095094838
9679.189638039332
10357.54255722964
9601.958579684957
9878.366196919513
9800.65035406724
9648.993131171632
9300.498361534186
9885.009651184902
9370.34547314663
10278.517565330654
9731.215237886001
8792.605429802838
9769.042201984621
9816.373518054683
9764.856815063382
9315.532917821942
9768.818057187307
9594.340260091247
9792.076110943255
9517.516492371995
10130.034409822669
9865.498300907115
10402.210461242616
9479.490641911132
9905.999237428563
9771.640786836051
10470.324873550184
9919.871809408492
10081.401720955713
9636.900572286624
10191.6224954125
9968.0
9907.0
9297.0
9578.0
9979.0
9835.0
9814.0
9688.0
9097.0
9166.0
10226.0
9978.0
9731.0
10021.0
10061.0
9406.0
10088.0
10308.0
10555.0
9481.0
10761.0
9562.0
9858.0
9183.0
9482.0
9801.0
9942.0
9586.0
10023.0
10160.0
10206.0
9903.0
9973.0
9944.0
10236.0
9296.0
10154.0
9617.0
10117.0
9836.0
9828.0
10122.0
8839.0
9528.0
10172.0
9764.0
10144.0
10179.0
9719.0
9511.0
10002.0
10241.0
9657.0
9719.0
9166.0
10304.0
9465.0
9882.0
9546.0
9568.0
10020.0
9337.0
9908.0
9839.0
10144.0
9016.0
9931.0
10262.0
9801.0
9724.0
8857.0
9831.0
9147.0
9613.0
10396.0
10064.0
9707.0
9392.0
10053.0
9761.0
9684.0
10445.0
9851.0
9062.0
9278.0
9131.0
10272.0
9452.0
9590.0
9613.0
9947.0
9639.0
9121.0
9964.0
8995.0
9365.0
9491.0
10671.0
9190.0
9326.0
9531.0
9224.0
10198.0
10053.0
9879.0
9828.0
9035.0
10592.0
10255.0
8950.0
9807.0
9335.0
9525.0
9855.0
9382.0
9543.0
9621.0
9357.0
9686.0
9878.0
9983.0
9483.0
9312.0
9302.0
9444.0
10446.0
8898.0
9864.0
10334.0
9438.0
8867.0
9451.0
9112.0
10098.0
9451.0
9881.0
10102.0
9614.0
9244.0
10204.0
9829.0
9925.0
9439.0
9849.0
9681.0
9625.0
10464.0
9455.0
10285.0
9770.0
9641.0
10042.0
9686.0
9668.0
9969.0
9492.0
9846.0
10191.0
9942.0
9577.0
9523.0
9568.0
9357.0
9557.0
9702.0
9449.0
9551.0
9321.0
9687.0
9023.0
9948.0
9968.0
9749.0
9697.0
8806.0
10358.0
10389.0
9365.0
9273.0
10046.0
9880.0
9386.0
10049.0
9349.0
9707.0
9281.0
9926.0
9188.0
9371.0
9416.0
9630.0
10220.0
9758.0
9417.0
9900.0
9599.0
8919.0
10404.0
9275.0
9998.0
10650.0
9761.0
9420.0
10104.0
9781.0
9594.0
9144.0
10297.0
9529.0
10089.0
9669.0
9829.0
9817.0
9640.0
10526.0
10502.0
8971.0
10116.0
8943.0
9873.0
8980.0
10094.0
9760.0
9822.0
10664.0
10187.0
9630.0
9658.0
9938.0
9774.0
9796.0
9707.0
9359.0
10605.0
10198.0
9371.0
9328.0
9556.0
9290.0
9567.0
9636.0
9389.0
9511.0
9709.0
10687.0
9589.0
9843.0
9205.0
9227.0
9615.0
9592.0
9684.0
9952.0
9722.0
9162.0
10007.0
9692.0
9831.0
9684.0
9552.0
9180.0
9725.0
9591.0
9243.0
10345.0
9574.0
8836.0
9815.0
9903.0
9651.0
10043.0
9703.0
9827.0
9727.0
10219.0
9945.0
9290.0
8879.0
10051.0
9823.0
9457.0
9626.0
9629.0
10562.0
9713.0
9570.0
9522.0
9113.0
9849.0
9208.0
9684.0
9242.0
9739.0
9365.0
9494.0
10292.0
9528.0
9267.0
9104.0
9561.0
10291.0
9288.0
8874.0
9463.0
9544.0
9582.0
9807.0
9349.0
9638.0
9825.0
10231.0
9260.0
10290.0
9908.0
9775.0
9699.0
9602.0
9343.0
9407.0
9514.0
9961.0
10144.0
9942.0
9793.0
9852.0
9722.0
9033.0
10049.0
9274.0
9873.0
9493.0
9252.0
9682.0
9757.0
9513.0
9756.0
9736.0
9584.0
9625.0
9834.0
9261.0
9635.0
9580.0
9637.0
9928.0
9242.0
9587.0
10191.0
9782.0
9793.0
10300.0
9529.0
9965.0
9906.0
9867.0
9754.0
9322.0
9363.0
9761.0
9512.0
10287.0
9732.0
9150.0
9619.0
9721.0
9607.0
9880.0
9477.0
9331.0
9597.0
8963.0
8970.0
9830.0
9482.0
9436.0
8996.0
9802.0
10132.0
9581.0
9252.0
9999.0
9462.0
9666.0
9305.0
9939.0
9141.0
9781.0
9375.0
9085.0
9279.0
9453.0
9463.0
9459.0
9916.0
9932.0
9752.0
9690.0
10091.0
9616.0
9073.0
9666.0
9516.0
9571.0
9180.0
9067.0
9352.0
10038.0
9005.0
8438.0
9422.0
9495.0
10021.0
9399.0
10307.0
9634.0
10330.0
9263.0
9439.0
9861.0
9437.0
10106.0
9423.0
9716.0
9879.0
10315.0
9641.0
9803.0
9421.0
10246.0
9416.0
9760.0
9555.0
9615.0
9765.0
9012.0
9678.0
9628.0
9605.0
9744.0
10283.0
10219.0
9924.0
10088.0
10025.0
9441.0
9647.0
9550.0
10135.0
9861.0
9666.0
10037.0
9167.0
9638.0
9276.0
10033.0
10310.0
9095.0
9785.0
10519.0
9698.0
9797.0
9279.0
9826.0
10002.0
10332.0
9474.0
9309.0
9756.0
9311.0
9693.0
10089.0
8564.0
9762.0
9858.0
9311.0
9465.0
9303.0
9676.0
9465.0
9525.0
9464.0
10087.0
8929.0
9927.0
9790.0
9277.0
9792.0
9646.0
9180.0
9459.0
9616.0
9474.0
9757.0
9833.0
9081.0
9501.0
9830.0
9209.0
9930.0
9817.0
9992.0
9368.0
9611.0
9264.0
8645.0
9887.0
9815.0
9756.0
10175.0
10053.0
9376.0
10050.0
9717.0
9588.0
9833.0
9553.0
9550.0
9246.0
9701.0
10028.0
9204.0
9245.0
9991.0
9821.0
9780.0
9453.0
9092.0
9786.0
9292.0
9871.0
10017.0
9904.0
9291.0
10068.0
9773.0
9337.0
10518.0
9284.0
10063.0
9864.0
9899.0
9881.0
9791.0
9085.0
9500.0
10536.0
9432.0
10203.0
9905.0
9527.0
9988.0
10160.0
9680.0
9551.0
10184.0
10881.0
9685.0
9141.0
9738.0
10069.0
10032.0
9830.0
9918.0
10019.0
9314.0
9772.0
9423.0
10089.0
9604.0
9437.0
9263.0
9470.0
9389.0
9822.0
9945.0
10300.0
9291.0
10148.0
9664.0
9327.0
9430.0
10045.0
10360.0
9571.0
10042.0
10044.0
9954.0
9688.0
10017.0
10007.0
10489.0
9777.0
9406.0
9555.0
10419.0
9524.0
9798.0
9612.0
10781.0
10254.0
9505.0
9703.0
10123.0
9841.0
9462.0
9833.0
9824.0
9375.0
8690.0
10069.0
9742.0
10224.0
9515.0
9285.0
9320.0
9825.0
9938.0
9551.0
9608.0
10436.0
9154.0
10310.0
9548.0
8996.0
9761.0
9619.0
10254.0
9652.0
9367.0
9409.0
10129.0
10464.0
9031.0
9915.0
10046.0
10010.0
9668.0
10266.0
9875.0
10056.0
9075.0
10305.0
10011.0
9056.0
10582.0
9511.0
8516.0
10154.0
9475.0
9261.0
9781.0
9548.0
9811.0
9919.0
9225.0
10536.0
9436.0
9624.0
9535.0
8917.0
9462.0
9700.0
10235.0
9782.0
9347.0
9169.0
10148.0
9015.0
9408.0
8991.0
9858.0
9704.0
10083.0
9478.0
9750.0
9372.0
9307.0
9636.0
9339.0
10254.0
8949.0
9692.0
9843.0
10144.0
8714.0
10057.0
8987.0
8735.0
8532.0
9368.0
9010.0
9545.0
9228.0
9025.0
9688.0
9469.0
9357.0
10309.0
8747.0
9373.0
9606.0
9798.0
9475.0
9886.0
10308.0
9541.0
9716.0
10127.0
8788.0
10079.0
9008.0
10264.0
9552.0
9948.0
9291.0
10158.0
10565.0
8969.0
9274.0
9932.0
9210.0
10612.0
9825.0
10374.0
9849.0
9582.0
10762.0
9858.0
10132.0
10242.0
9765.0
9486.0
9656.0
9291.0
9936.0
9251.0
10223.0
10136.0
9230.0
10064.0
9887.0
10153.0
10367.0
10421.0
9329.0
9868.0
9338.0
9804.0
9625.0
10211.0
10269.0
9552.0
10228.0
8907.0
9591.0
9580.0
9724.0
10185.0
10489.0
9365.0
10190.0
9818.0
10335.0
10033.0
9391.0
10193.0
9978.0
10196.0
10022.0
9377.0
9907.0
9774.0
9854.0
10175.0
9971.0
8896.0
10695.0
8859.0
10065.0
9883.0
9233.0
10091.0
8285.0
9997.0
9920.0
9781.0
10037.0
9608.0
9861.0
9740.0
10052.0
9176.0
10618.0
10593.0
10680.0
9719.0
9457.0
9678.0
9738.0
9625.0
9722.0
9352.0
9405.0
10055.0
9308.0
9306.0
8804.0
9549.0
10177.0
10105.0
9922.0
8943.0
9651.0
9550.0
10411.0
8439.0
10312.0
9969.0
9388.0
9787.0
9822.0
10095.0
10308.0
10090.0
9515.0
9387.0
10402.0
9099.0
9923.0
9465.0
9780.0
9984.0
10233.0
9804.0
9781.0
9084.0
9941.0
9991.0
9266.0
9954.0
9435.0
9831.0
9715.0
10291.0
9735.0
9552.0
9865.0
9946.0
8958.0
9687.0
9801.0
9498.0
9902.0
9024.0
9462.0
9341.0
9823.0
9996.0
9175.0
9729.0
9930.0
9814.0
9462.0
9165.0
8967.0
9473.0
10421.0
9624.0
9571.0
9006.0
9314.0
9765.0
10358.0
10577.0
9324.0
9697.0
9834.0
10332.0
9889.0
9498.0
9279.0
10057.0
9936.0
9481.0
9490.0
9685.0
9831.0
10143.0
9992.0
9730.0
9226.0
9889.0
9999.0
9494.0
10232.0
9582.0
9534.0
10351.0
9912.0
9391.0
10444.0
9190.0
10625.0
9292.0
9369.0
9684.0
9510.0
9253.0
9448.0
9330.0
9453.0
9668.0
9610.0
9842.0
10524.0
9739.0
10488.0
9543.0
9078.0
10247.0
9850.0
9318.0
9131.0
10076.0
10289.0
9675.0
10563.0
8580.0
9006.0
10070.0
10195.0
9235.0
9641.0
10709.0
10145.0
10469.0
10439.0
9583.0
10333.0
9426.0
9293.0
9828.0
10355.0
9516.0
9495.0
9364.0
9590.0
10278.0
9378.0
9281.0
9588.0
10324.0
9753.0
9321.0
9382.0
10524.0
10151.0
9818.0
9767.0
9503.0
10015.0
9609.0
9355.0
9643.0
9244.0
9933.0
9911.0
9482.0
9779.0
9652.0
9353.0
9207.0
9639.0
9802.0
9673.0
10022.0
9736.0
9320.0
9384.0
9971.0
9536.0
9704.0
9494.0
9892.0
10159.0
9514.0
9755.0
9689.0
9959.0
9554.0
10626.0
9133.0
10437.0
9258.0
9658.0
10006.0
10480.0
9430.0
9956.0
10512.0
9391.0
9255.0
10031.0
10102.0
9843.0
10002.0
10342.0
9918.0
10046.0
9632.0
9795.0
9889.0
10027.0
10399.0
9295.0
9734.0
10000.0
9548.0
9770.0
9393.0
9890.0
10392.0
9258.0
9537.0
9405.0
9522.0
9777.0
9387.0
9338.0
10310.0
9989.0
9824.0
9809.0
10160.0
9582.0
9417.0
9209.0
10533.0
10116.0
9531.0
9870.0
9915.0
10365.0
8979.0
9794.0
10098.0
10059.0
9210.0
9323.0
9594.0
10095.0
9589.0
10076.0
9724.0
9731.0
8944.0
9481.0
9252.0
9843.0
9443.0
9936.0
9370.0
10067.0
10065.0
9701.0
9908.0
9466.0
9524.0
10128.0
9809.0
9585.0
9685.0
9937.0
9770.0
9716.0
10127.0
9407.0
9429.0
10266.0
9754.0
9680.0
9615.0
9333.0
9567.0
9571.0
9702.0
9698.0
9414.0
9614.0
10102.0
10060.0
9712.0
9623.0
9408.0
9954.0
9187.0
10030.0
9484.0
9883.0
9157.0
10014.0
9216.0
9197.0
9539.0
9731.0
9583.0
9493.0
9716.0
9522.0
9288.0
9790.0
9694.0
9271.0
8750.0
10051.0
9659.0
8953.0
9366.0
9453.0
9863.0
9498.0
9687.0
8976.0
9978.0
9767.0
9617.0
10075.0
9397.0
10038.0
9892.0
10024.0
9460.0
9521.0
9642.0
9352.0
9619.0
9074.0
10090.0
9731.0
9054.0
9334.0
9734.0
9432.0
9957.0
10322.0
9717.0
9722.0
10101.0
9615.0
9633.0
9957.0
9399.0
8692.0
10019.0
9522.0
9271.0
10725.0
8375.0
9853.0
9764.0
9878.0
9360.0
9684.0
10100.0
9427.0
9920.0
9049.0
9501.0
9864.0
9674.0
10103.0
9154.0
9418.0
9668.0
9038.0
9874.0
9425.0
9212.0
9533.0
9993.0
9252.0
9951.0
9492.0
9636.0
9683.0
9066.0
9652.0
9431.0
8376.0
9973.0
9715.0
9716.0
9943.0
9717.0
9422.0
9428.0
9180.0
9623.0
8936.0
9583.0
10138.0
9984.0
9032.0
9256.0
9620.0
10107.0
9223.0
10053.0
9496.0
9932.0
10283.0
9664.0
10153.0
9824.0
9660.0
10093.0
9662.0
9909.0
9410.0
9661.0
10009.0
9546.0
9322.0
10588.0
9179.0
9759.0
9836.0
9946.0
9850.0
9793.0
10116.0
9133.0
9266.0
10003.0
10507.0
9188.0
9633.0
10099.0
10129.0
10280.0
9179.0
9406.0
9681.0
9528.0
9616.0
9608.0
10378.0
9647.0
8594.0
9812.0
9557.0
9500.0
10114.0
9500.0
10245.0
10796.0
9351.0
9821.0
10113.0
9789.0
9803.0
10436.0
9277.0
9451.0
9621.0
9920.0
10613.0
9910.0
10429.0
9300.0
10141.0
10237.0
8546.0
9772.0
9641.0
10420.0
9531.0
9648.0
9690.0
10153.0
9535.0
9230.0
9670.0
9582.0
9743.0
9514.0
9603.0
9617.0
10913.0
9519.0
8848.0
10206.0
9389.0
9495.0
8533.0
8950.0
9056.0
10025.0
10703.0
9474.0
9012.0
9676.0
9565.0
9426.0
10172.0
10449.0
9776.0
9640.0
10043.0
9898.0
9250.0
9586.0
10249.0
10061.0
9935.0
8962.0
9809.0
9696.0
10327.0
9525.0
9369.0
9803.0
9441.0
9907.0
9943.0
9218.0
9989.0
9785.0
9960.0
9179.0
9707.0
9542.0
9801.0
9156.0
9396.0
9617.0
9354.0
9094.0
9915.0
9565.0
10251.0
9977.0
10464.0
9885.0
8951.0
10412.0
9501.0
10212.0
10379.0
9073.0
9913.0
9806.0
9886.0
10320.0
9537.0
10445.0
9994.0
9496.0
10332.0
9284.0
9432.0
9350.0
9819.0
9726.0
9586.0
9876.0
9634.0
9610.0
9480.0
9273.0
9883.0
10072.0
9424.0
9080.0
9255.0
10095.0
9947.0
10928.0
10149.0
9579.0
9098.0
9269.0
9774.0
10213.0
9965.0
9768.0
9489.0
9832.0
9516.0
9817.0
9647.0
9979.0
10280.0
9590.0
9701.0
9825.0
10030.0
9857.0
9461.0
9814.0
9162.0
9581.0
9055.0
8816.0
9748.0
9944.0
9208.0
10097.0
10249.0
9369.0
10176.0
9558.0
8888.0
9990.0
9060.0
9279.0
9824.0
9870.0
10513.0
10056.0
9355.0
10239.0
9221.0
10878.0
9688.0
9016.0
9580.0
10391.0
9603.0
10302.0
9385.0
10078.0
9138.0
9323.0
9929.0
9846.0
10255.0
9313.0
9619.0
10107.0
9259.0
10011.0
9716.0
9566.0
9826.0
9792.0
9736.0
9670.0
9695.0
9327.0
10583.0
9916.0
9996.0
9228.0
9977.0
9976.0
9071.0
8709.0
9866.0
10459.0
9868.0
10101.0
9942.0
8845.0
10083.0
9780.0
9704.0
9445.0
10030.0
9818.0
9829.0
9553.0
9872.0
10021.0
9093.0
9211.0
10331.0
9508.0
8990.0
10035.0
10109.0
10627.0
10179.0
9362.0
9620.0
9785.0
10622.0
9670.0
9873.0
9760.0
9150.0
9903.0
9357.0
10511.0
8907.0
10231.0
10560.0
9115.0
10213.0
9614.0
9255.0
10122.0
9925.0
8546.0
10297.0
10004.0
9700.0
10514.0
9578.0
9598.0
9145.0
9278.0
9394.0
9024.0
10391.0
9247.0
9703.0
9869.0
9504.0
9252.0
8658.0
9162.0
10870.0
9908.0
9447.0
9735.0
9895.0
9527.0
10002.0
9401.0
10928.0
9884.0
8819.0
9488.0
9378.0
9727.0
8449.0
10485.0
8664.0
9248.0
9892.0
9680.0
9812.0
10119.0
9912.0
10493.0
10139.0
9151.0
9754.0
9329.0
9364.0
10103.0
9179.0
9811.0
9434.0
9197.0
9465.0
10856.0
10991.0
8853.0
10074.0
10465.0
9554.0
8824.0
9071.0
9740.0
9657.0
8762.0
9789.0
10839.0
9034.0
10080.0
10044.0
9850.0
10128.0
8944.0
9774.0
9144.0
9071.0
8412.0
9474.0
9306.0
10132.0
11859.0
10041.0
10022.0
8984.0
10303.0
9170.0
9444.0
9267.0
9075.0
9261.0
9798.0
9123.0
10411.0
10212.0
10409.0
9781.0
9921.0
9329.0
9016.0
9235.0
9902.0
10401.0
9209.0
9312.0
9560.0
11022.0
11106.0
9626.0
9576.0
8840.0
9212.0
10136.0
10115.0
10485.0
8784.0
9216.0
9337.0
9402.0
8880.0
9052.0
9896.0
9426.0
9735.0
9492.0
10020.0
10325.0
9112.0
9094.0
8880.0
10418.0
9161.0
10381.0
10123.0
8517.0
9561.0
9852.0
10585.0
9238.0
9564.0
10292.0
9173.0
9323.0
10071.0
10451.0
8955.0
10024.0
9624.0
9542.0
10096.0
10003.0
10223.0
9995.0
9467.0
9769.0
9667.0
9198.0
8954.0
9850.0
9980.0
9124.0
8831.0
10197.0
10107.0
9413.0
10950.0
9454.0
9527.0
9419.0
9844.0
8475.0
9772.0
9080.0
9743.0
10443.0
8428.0
10620.0
10428.0
9684.0
8728.0
9190.0
10066.0
9714.0
9690.0
10805.0
8660.0
10397.0
10021.0
9624.0
8881.0
9661.0
9336.0
10565.0
8721.0
8955.0
9386.0
9656.0
9689.0
9063.0
9057.0
9679.0
10102.0
9947.0
9166.0
10648.0
9819.0
10892.0
9697.0
9809.0
9190.0
9881.0
9737.0
9771.0
9380.0
10251.0
9288.0
9735.0
9541.0
8821.0
9608.0
9760.0
8708.0
9851.0
9815.0
8470.0
9537.0
10210.0
9815.0
9407.0
9648.0
8835.0
8767.0
9913.0
9882.0
11006.0
9137.0
10048.0
10320.0
10241.0
9073.0
9927.0
8457.0
8853.0
9908.0
9988.0
10318.0
8700.0
9226.0
10163.0
10029.0
10941.0
9254.0
10251.0
9464.0
8262.0
9407.0
9480.0
9943.0
10671.0
9626.0
8959.0
10056.0
9664.0
9561.0
8434.0
8677.0
9454.0
9890.0
9542.0
10673.0
9933.0
9100.0
9309.0
9303.0
10299.0
9701.0
10542.0
9176.0
10550.0
7190.0
9416.0
8961.0
9185.0
10555.0
9498.0
10633.0
10347.0
9757.0
9238.0
9359.0
9280.0
10309.0
10149.0
9455.0
10124.0
9769.0
10102.0
8602.0
8792.0
10064.0
9652.0
9541.0
9164.0
9605.0
9687.0
11332.0
9010.0
11006.0
8827.0
11338.0
10632.0
10449.0
9863.0
10696.0
10294.0
10434.0
8791.0
9433.0
10641.0
11478.0
11037.0
9847.0
9662.0
10488.0
8817.0
10423.0
10030.0
8854.0
9867.0
9626.0
10994.0
9957.0
9268.0
10115.0
10692.0
8554.0
10044.0
8541.0
8852.0
11573.0
9353.0
7938.0
10588.0
9553.0
8546.0
8879.0
7990.0
9719.0
10248.0
9813.0
10601.0
8156.0
10653.0
9891.0
9940.0
10043.0
10002.0
10998.0
9533.0
9557.0
9219.0
9375.0
9836.0
9321.0
10506.0
10202.0
10493.0
11070.0
9577.0
9315.0
9586.0
11004.0
10229.0
10547.0
8748.0
10626.0
9595.0
8436.0
9635.0
10439.0
8574.0
10392.0
9524.0
8512.0
9528.0
9015.0
9300.0
9519.0
8865.0
10379.0
10790.0
8741.0
11497.0
10785.0
10548.0
9633.0
10175.0
9522.0
12195.0
9906.0
9725.0
9904.0
11248.0
10204.0
10886.0
10133.0
11014.0
9351.0
10836.0
9117.0
10128.0
8729.0
9508.0
9378.0
9444.0
10607.0
9168.0
9358.0
9572.0
10278.0
9481.0
9102.0
10541.0
10011.0
9609.0
10527.0
10946.0
10157.0
10124.0
8811.0
10081.0
9273.0
10604.0
11608.0
10151.0
8893.0
10136.0
8136.0
9773.0
9822.0
9513.0
8694.0
9568.0
10341.0
9910.0
9135.0
10747.0
7943.0
9607.0
10030.0
9894.0
10648.0
10957.0
9925.0
9883.0
9592.0
10681.0
7165.0
9293.0
8788.0
8668.0
9730.0
10403.0
7908.0
10381.0
10081.0
9732.0
10050.0
7828.0
10038.0
9779.0
9437.0
