7386.0
6577.0
7552.0
7496.0
7466.0
7648.0
7899.0
7697.0
7995.0
7682.0
7065.0
7588.0
7618.0
7382.0
8319.0
7196.0
6605.0
7695.0
7557.0
7197.0
8009.0
7799.0
7519.0
7765.0
7447.0
7572.0
7747.0
7568.0
7382.0
8127.0
7616.0
7987.0
7332.0
7563.0
7979.0
8165.0
7622.0
7429.0
8157.0
7061.0
8030.0
7498.0
7364.0
8068.0
7137.0
7630.0
7679.0
7080.0
7875.0
8055.0
8352.0
7952.0
7580.0
7175.0
7370.0
7918.0
7133.0
7032.0
7829.0
7240.0
7462.0
7497.0
7478.0
7543.0
7094.0
7461.0
7507.0
7999.0
7212.0
7631.0
7486.0
7413.0
7672.0
7376.0
7724.0
7279.0
7790.0
7108.0
7328.0
7188.0
8147.0
7546.0
7833.0
7487.0
7514.0
7363.0
7423.0
7125.0
6773.0
7594.0
7177.0
7756.0
7735.0
7855.0
7687.0
7466.0
7791.0
7373.0
7910.0
7640.0
7777.0
7585.0
7893.0
8056.0
7444.0
7743.0
7346.0
7595.0
7226.0
8168.0
7823.0
7580.0
7091.0
7883.0
7640.0
7530.0
7299.0
7578.0
7929.0
7278.0
7823.0
7163.0
8099.0
7689.0
7529.0
7759.0
7564.0
7352.0
7955.0
7307.0
7077.0
7564.0
7958.0
7425.0
7622.0
7534.0
7494.0
7016.0
7417.0
7694.0
7814.0
7432.0
6932.0
7935.0
7614.0
7665.0
7183.0
7619.0
7491.0
7601.0
7625.0
7430.0
7665.0
7684.0
7407.0
7479.0
7777.0
7353.0
7269.0
8205.0
7256.0
7523.0
7561.0
8259.0
7509.0
7583.0
7306.0
7674.0
7471.0
6726.0
7581.0
7775.0
8264.0
7693.0
7634.0
7360.0
7555.0
7637.0
7419.0
7465.0
7379.0
8359.0
6829.0
7703.0
7176.0
7760.0
7335.0
7655.0
7447.0
7706.0
7345.0
7705.0
7921.0
7453.0
7606.0
8473.0
7702.0
7648.0
7003.0
7581.0
7194.0
8095.0
7523.0
7538.0
7657.0
7891.0
7787.0
7413.0
7356.0
7581.0
7271.0
7385.0
7942.0
7212.0
7595.0
8078.0
7722.0
7683.0
8067.0
7976.0
7516.0
8023.0
7463.0
7294.0
7762.0
7404.0
8404.0
7292.0
8174.0
7685.0
6753.0
7283.0
7972.0
7908.0
7792.0
7543.0
7431.0
7254.0
8142.0
8213.0
7316.0
8135.0
7846.0
7677.0
7500.0
7519.0
7918.0
7806.0
7557.0
7925.0
8089.0
7855.0
7483.0
7655.0
7675.0
7902.0
7512.0
7324.0
7501.0
7742.0
8217.0
8289.0
7397.0
8295.0
6866.0
8052.0
7039.0
7320.0
7653.0
7435.0
7825.0
7377.0
8127.0
7547.0
7427.0
7745.0
8084.0
7822.0
7868.0
7044.0
8045.0
7938.0
7772.0
7514.0
7041.0
7363.0
7120.0
7514.0
7092.0
7712.0
7085.0
7329.0
7706.0
7521.0
7905.0
7450.0
7023.0
8090.0
7542.0
7825.0
7664.0
7977.0
8248.0
7348.0
7327.0
7707.0
7608.0
7172.0
8172.0
7827.0
7707.0
7909.0
7346.0
7420.0
7339.0
8067.0
7471.0
7629.0
7094.0
8229.0
8029.0
7873.0
8163.0
7713.0
7676.0
7456.0
7650.0
8086.0
7899.0
8216.0
7415.0
7323.0
7622.0
7419.0
7378.0
7444.0
7624.0
7614.0
7384.0
7354.0
7683.0
7261.0
7995.0
7823.0
7837.0
7580.0
8090.0
8396.0
7690.0
7879.0
7051.0
7648.0
7529.0
7293.0
7921.0
7147.0
7433.0
7670.0
7509.0
7417.0
7614.0
7321.0
7314.0
7587.0
7924.0
7808.0
7384.0
7340.0
7304.0
7552.0
7962.0
7590.0
7336.0
7702.0
7726.0
7542.0
7877.0
7332.0
7089.0
7544.0
7832.0
7490.0
7474.0
8019.0
7986.0
7085.0
7438.0
7733.0
7712.0
6834.0
7484.0
7782.0
7335.0
7129.0
7516.0
7705.0
7439.0
7586.0
7798.0
7925.0
7048.0
8322.0
7172.0
7233.0
7134.0
7479.0
8334.0
7457.0
7602.0
7517.0
7276.0
7834.0
7513.0
7478.0
7627.0
7431.0
7085.0
7224.0
7165.0
7636.0
7527.0
7924.0
7997.0
7344.0
7541.0
7644.0
7515.0
7194.0
7257.0
7720.0
7440.0
7313.0
7962.0
7501.0
7344.0
7707.0
7661.0
7905.0
7581.0
7922.0
8001.0
6846.0
7527.0
7457.0
7247.0
7640.0
7635.0
7674.0
7876.0
7233.0
7339.0
7288.0
7597.0
7858.0
7228.0
7710.0
7414.0
8235.0
7548.0
7327.0
7561.0
6982.0
8282.0
7723.0
7604.0
7880.0
7322.0
7499.0
6978.0
6696.0
6927.0
7363.0
7632.0
7746.0
7764.0
6968.0
7871.0
7726.0
7995.0
7546.0
7433.0
7304.0
7474.0
7598.0
7684.0
7340.0
7778.0
7895.0
7253.0
7592.0
8206.0
6909.0
7587.0
7194.0
7263.0
7313.0
7735.0
7568.0
7295.0
7935.0
7771.0
7206.0
7764.0
6934.0
7771.0
7440.0
7463.0
7562.0
7537.0
7426.0
6983.0
7788.0
7712.0
7899.0
7671.0
7565.0
7318.0
7525.0
6983.0
7205.0
7836.0
7129.0
7365.0
6525.0
7939.0
7894.0
7596.0
7593.0
7702.0
7659.0
7669.0
6963.0
7209.0
7608.0
7168.0
7426.0
8121.0
7706.0
7644.0
8485.0
7403.0
7396.0
7510.0
7641.0
7672.0
8034.0
8316.0
7247.0
7519.0
7885.0
7320.0
7440.0
7361.0
8007.0
7607.0
7103.0
7993.0
7588.0
7782.0
8094.0
7797.0
7604.0
7473.0
7877.0
7511.0
7758.0
7328.0
7624.0
7040.0
7606.0
8324.0
7173.0
7749.0
7255.0
7679.0
8459.0
7430.0
7853.0
7696.0
7550.0
7290.0
7754.0
7902.0
8061.0
7298.0
7836.0
7287.0
7647.0
7969.0
7930.0
7518.0
7831.0
7934.0
7539.0
8222.0
7938.0
7712.0
7157.0
7529.0
7573.0
7697.0
7734.0
7877.0
8025.0
8014.0
7401.0
8083.0
7588.0
7204.0
7695.0
7921.0
8041.0
7364.0
7494.0
8354.0
7255.0
7495.0
7580.0
7557.0
7942.0
7488.0
7644.0
8210.0
7768.0
7911.0
8173.0
7646.0
7933.0
7644.0
8194.0
7379.0
8082.0
7834.0
7802.0
7680.0
7356.0
8454.0
8159.0
7346.0
7879.0
7673.0
7689.0
7980.0
7847.0
8013.0
7686.0
7302.0
7201.0
7644.0
7848.0
7691.0
7928.0
8170.0
6880.0
7490.0
7520.0
8038.0
7465.0
7242.0
7677.0
7791.0
7800.0
7618.0
7342.0
7613.0
7125.0
7900.0
7925.0
7596.0
7318.0
7640.0
7613.0
7443.0
7493.0
7881.0
7853.0
8125.0
7574.0
7155.0
8018.0
7318.0
7510.0
7082.0
7741.0
7520.0
7373.0
7641.0
7686.0
7573.0
8256.0
8199.0
7215.0
7726.0
6855.0
7969.0
7758.0
7032.0
7415.0
7630.0
8110.0
8236.0
7743.0
7846.0
7705.0
6966.0
7483.0
7632.0
7476.0
7922.0
7136.0
7155.0
8170.0
7289.0
7394.0
7492.0
7595.0
7958.0
7908.0
7669.0
7636.0
7407.0
6908.0
8113.0
8226.0
7682.0
7083.0
7334.0
7661.0
7300.0
7223.0
8123.0
7481.0
7233.0
7111.0
8250.0
7393.0
7430.0
7601.0
7617.0
7646.0
7984.0
7729.0
7714.0
7898.0
8036.0
7691.0
7189.0
7314.0
8499.0
8267.0
7052.0
7895.0
7995.0
7221.0
8099.0
7844.0
7713.0
7769.0
8070.0
7504.0
7187.0
8010.0
7613.0
7727.0
7719.0
8119.0
7347.0
7605.0
7704.0
7218.0
8226.0
8375.0
7863.0
7284.0
7758.0
8063.0
7616.0
7980.0
7330.0
7668.0
7509.0
8430.0
7752.0
7904.0
7150.0
7745.0
7348.0
7463.0
7718.0
7719.0
7881.0
7050.0
6890.0
6749.0
7718.0
7537.0
7599.0
7444.0
7639.0
7173.0
8428.0
8123.0
8376.0
7540.0
6440.0
7854.0
7438.0
8087.0
7755.0
7620.0
7880.0
7804.0
7717.0
7875.0
7355.0
7915.0
7991.0
7817.0
7782.0
7153.0
7542.0
7634.0
7518.0
8445.0
8024.0
6879.0
8352.0
8073.0
7701.0
7649.0
7639.0
7792.0
8012.0
7110.0
7510.0
7944.0
8104.0
7622.0
7706.0
7398.0
7874.0
7411.0
7706.0
7985.0
7857.0
7720.0
7278.0
7765.0
8050.0
7707.0
7352.0
7702.0
8461.0
6901.0
7957.0
8248.0
7444.0
7666.0
7910.0
7473.0
7777.0
7306.0
7804.0
7504.0
6260.0
7532.0
7706.0
8152.0
8112.0
7639.0
7691.0
7911.0
7403.0
7895.0
7686.0
7753.0
7602.0
7690.0
7524.0
7587.0
7171.0
7546.0
7849.0
7708.0
7465.0
7473.0
7980.0
7069.0
7926.0
7703.0
7787.0
7495.0
7272.0
7399.0
7106.0
7618.0
7606.0
7541.0
7836.0
7431.0
8364.0
7494.0
7572.0
8029.0
8004.0
7367.0
7864.0
7686.0
7787.0
7903.0
8217.0
8048.0
7927.0
7253.0
7719.0
7938.0
7859.0
7581.0
7606.0
7494.0
7372.0
7342.0
7501.0
7801.0
8000.0
7534.0
7443.0
7496.0
7179.0
7451.0
7777.0
8287.0
7941.0
7328.0
7029.0
8450.0
7328.0
7957.0
7754.0
8070.0
7910.0
7673.0
7779.0
7504.0
7598.0
8021.0
7797.0
7982.0
7667.0
7186.0
7752.0
7969.0
8416.0
7417.0
8020.0
8067.0
7796.0
7617.0
6943.0
7224.0
7549.0
8107.0
6825.0
8015.0
7483.0
7984.0
7812.0
7880.0
7199.0
7749.0
7713.0
7829.0
7698.0
7857.0
7342.0
8290.0
8078.0
8316.0
7502.0
7329.0
7272.0
7937.0
7788.0
7084.0
7895.0
8368.0
8136.0
8068.0
7793.0
7170.0
8069.0
7609.0
7890.0
8121.0
7277.0
8070.0
7734.0
8104.0
7965.0
7731.0
7556.0
8183.0
8003.0
7233.0
7950.0
8201.0
7687.0
8075.0
7097.0
7819.0
7713.0
7673.0
7632.0
8497.0
7743.0
6675.0
8058.0
7253.0
7268.0
7510.0
6933.0
8003.0
7507.0
7531.0
8161.0
7259.0
7213.0
7342.0
7268.0
7765.0
7542.0
7663.0
7304.0
7415.0
7613.0
7956.0
7451.0
8027.0
8053.0
7539.0
7675.0
7932.0
8131.0
6837.0
7679.0
7411.0
8099.0
7391.0
7812.0
7259.0
7975.0
7524.0
7654.0
7298.0
7752.0
7152.0
7646.0
7778.0
7830.0
7457.0
7280.0
7422.0
7245.0
7745.0
7223.0
7611.0
7269.0
8028.0
7773.0
7588.0
7882.0
7912.0
8290.0
7629.0
8037.0
7773.0
8230.0
8077.0
7370.0
7819.0
7785.0
7400.0
7272.0
6957.0
7992.0
7907.0
7588.0
7521.0
8034.0
8121.0
8028.0
7138.0
7056.0
7948.0
7640.0
7345.0
7436.0
7146.0
7294.0
7999.0
6964.0
7477.0
7738.0
8142.0
7411.0
7341.0
7340.0
8014.0
7927.0
7039.0
8016.0
7530.0
7627.0
8426.0
7632.0
7470.0
6946.0
7592.0
7981.0
7193.0
7739.0
8228.0
8075.0
7412.0
8054.0
7873.0
8110.0
7955.0
8181.0
7592.0
8267.0
7449.0
7567.0
7543.0
8043.0
7977.0
8050.0
7572.0
7821.0
8052.0
7211.0
7388.0
7390.0
7639.0
7785.0
7738.0
7578.0
7960.0
7735.0
7319.0
7862.0
8120.0
7755.0
7296.0
7421.0
7149.0
8095.0
7964.0
7550.0
7519.0
7131.0
7482.0
7976.0
7247.0
7676.0
7611.0
7535.0
7063.0
7555.0
7705.0
7503.0
8081.0
7664.0
7198.0
6925.0
7292.0
7550.0
7352.0
7386.0
7182.0
7521.0
7537.0
7944.0
7677.0
7947.0
7440.0
7231.0
7144.0
7475.0
8468.0
7094.0
7789.0
7397.0
7439.0
7863.0
7323.0
7376.0
7652.0
7418.0
7989.0
8282.0
7971.0
7755.0
7294.0
7225.0
7561.0
7804.0
7438.0
7363.0
7838.0
7239.0
7689.0
7748.0
7783.0
7874.0
7922.0
7292.0
7646.0
8224.0
7844.0
7972.0
7894.0
7586.0
7639.0
8041.0
7815.0
7502.0
7708.0
8018.0
7179.0
7698.0
7665.0
7596.0
7005.0
7148.0
7592.0
8250.0
8105.0
7886.0
7841.0
8037.0
7529.0
7740.0
7936.0
7232.0
7470.0
7904.0
7596.0
7780.0
7998.0
7203.0
7986.0
8333.0
7613.0
7466.0
7436.0
7855.0
7516.0
7526.0
8006.0
8150.0
7118.0
7845.0
7895.0
7575.0
8154.0
7827.0
7384.0
7226.0
7373.0
7879.0
8207.0
7269.0
7258.0
7625.0
7799.0
7574.0
7969.0
7493.0
8166.0
7473.0
7588.0
7634.0
7958.0
7025.0
7964.0
8062.0
7134.0
8290.0
8144.0
7605.0
7743.0
7872.0
7842.0
7777.0
7599.0
7230.0
7881.0
7627.0
7597.0
7570.0
7795.0
7556.0
7766.0
7584.0
7472.0
7549.0
7667.0
7443.0
8079.0
7493.0
6446.0
7513.0
7501.0
7463.0
7389.0
7764.0
8106.0
7965.0
7644.0
7414.0
7233.0
7673.0
7645.0
7674.0
7627.0
7369.0
7558.0
7702.0
7591.0
7796.0
7396.0
7358.0
7448.0
7616.0
7840.0
8012.0
7733.0
8156.0
7813.0
7227.0
7674.0
6922.0
6955.0
8157.0
8494.0
7753.0
7448.0
7535.0
7814.0
7621.0
7901.0
7525.0
7860.0
7477.0
6900.0
7871.0
7350.0
7980.0
7750.0
7140.0
7494.0
7740.0
7681.0
7863.0
7769.0
7295.0
7808.0
7219.0
7135.0
7946.0
7600.0
7608.0
7403.0
8054.0
7508.0
7846.0
7553.0
7716.0
7243.0
6896.0
7822.0
7216.0
7291.0
7310.0
7209.0
7479.0
7478.0
7627.0
7470.0
7795.0
7331.0
7464.0
7656.0
7670.0
8171.0
7096.0
7237.0
7409.0
8214.0
7873.0
7823.0
7432.0
7408.0
7770.0
7734.0
7092.0
7591.0
7460.0
6975.0
7517.0
7269.0
7831.0
7157.0
7063.0
7547.0
7387.0
7597.0
7496.0
7936.0
7914.0
7556.0
8070.0
8127.0
7530.0
7245.0
6840.0
7859.0
7560.0
7417.0
7545.0
7436.0
7883.0
7398.0
7737.0
7867.0
7175.0
7469.0
7457.0
8203.0
7880.0
6989.0
7840.0
7554.0
8380.0
7599.0
7961.0
8065.0
7533.0
7791.0
7978.0
8168.0
7544.0
7604.0
7514.0
7439.0
7567.0
7245.0
7707.0
7554.0
7695.0
7569.0
7596.0
7341.0
7946.0
7458.0
7685.0
6669.0
7390.0
6966.0
7623.0
7368.0
7497.0
7943.0
7974.0
7946.0
7737.0
7744.0
7639.0
7738.0
7781.0
7902.0
7310.0
7246.0
7595.0
7236.0
7810.0
7692.0
7672.0
7307.0
7702.0
7918.0
7502.0
7116.0
7811.0
7932.0
8825.0
7744.0
7219.0
7289.0
7021.0
7333.0
7283.0
8342.0
7057.0
7364.0
7921.0
7643.0
7611.0
7132.0
7250.0
7238.0
7579.0
7215.0
7245.0
7572.0
8259.0
7274.0
7609.0
7234.0
7386.0
7450.0
7780.0
8252.0
7710.0
8224.0
7630.0
7533.0
7295.0
7477.0
7254.0
7445.0
6671.0
7398.0
7394.0
7450.0
7836.0
7723.0
7512.0
8008.0
7609.0
7308.0
8005.0
7418.0
7243.0
7374.0
8132.0
7172.0
8037.0
7523.0
7405.0
7139.0
7813.0
7289.0
7854.0
7473.0
7642.0
7217.0
7818.0
7528.0
7866.0
7498.0
8170.0
7623.0
7232.0
7271.0
7057.0
7182.0
7907.0
8144.0
7654.0
6565.0
7504.0
7923.0
7936.0
7317.0
6959.0
8029.0
7417.0
7281.0
8136.0
8091.0
8158.0
7772.0
7365.0
7413.0
7371.0
7274.0
7903.0
7298.0
7495.0
8064.0
7698.0
8071.0
7767.0
8089.0
7498.0
7318.0
8109.0
7458.0
7808.0
7267.0
8007.0
7404.0
7794.0
7677.0
7393.0
7609.0
7775.0
7444.0
7132.0
7548.0
7881.0
8217.0
7442.0
7762.0
7944.0
7823.0
7509.0
8394.0
7739.0
7271.0
7148.0
7581.0
7635.0
7814.0
7299.0
7364.0
7314.0
7560.0
6960.0
7629.0
7438.0
7222.0
7939.0
7624.0
7754.0
7720.0
7245.0
7511.0
7077.0
7283.0
7408.0
7865.0
7102.0
7566.0
7383.0
7659.0
8159.0
7326.0
7491.0
7222.0
7379.0
7805.0
7419.0
7660.0
7909.0
7962.0
7430.0
7018.0
7975.0
7082.0
7619.0
7424.0
7823.0
7496.0
8039.0
7099.0
7432.0
7794.0
7736.0
8223.0
6853.0
7475.0
7857.0
7489.0
7787.0
7135.0
8016.0
7011.0
7269.0
7112.0
8239.0
7587.0
8490.0
7232.0
6636.0
7870.0
7734.0
7451.0
7184.0
7759.0
7769.0
7267.0
7608.0
7535.0
7682.0
7968.0
7411.0
8075.0
7751.0
7942.0
7797.0
7676.0
7163.0
7878.0
7625.0
7431.0
7457.0
7586.0
7486.0
7881.0
7271.0
7362.0
7549.0
7513.0
7254.0
7754.0
7440.0
7270.0
7176.0
7867.0
7966.0
7053.0
7692.0
6926.0
7565.0
7185.0
7293.0
7487.0
7948.0
6920.0
7753.0
7087.0
7963.0
7525.0
7932.0
8035.0
6910.0
7697.0
7291.0
6971.0
7948.0
7581.0
7985.0
6906.0
7371.0
7912.0
7291.0
7466.0
7339.0
8136.0
7662.0
7476.0
7350.0
7835.0
7082.0
8019.0
7907.0
7262.0
8205.0
7778.0
7080.0
7473.0
7445.0
7369.0
7855.0
6791.0
6857.0
7314.0
8119.0
7956.0
7555.0
8261.0
7638.0
8004.0
7733.0
7062.0
7641.0
8075.0
7789.0
8088.0
7757.0
8255.0
6973.0
7564.0
7280.0
7573.0
7919.0
7049.0
7794.0
7792.0
7790.0
7661.0
8145.0
7697.0
7775.0
7320.0
7889.0
7936.0
7663.0
7800.0
7392.0
7395.0
7566.0
7138.0
7646.0
7020.0
7554.0
7867.0
7744.0
7535.0
7529.0
7185.0
7199.0
7837.0
7825.0
7835.0
8145.0
7487.0
7093.0
7669.0
7887.0
8016.0
7952.0
8244.0
7950.0
7841.0
7577.0
7780.0
7197.0
7633.0
8158.0
7800.0
8046.0
7992.0
7530.0
7817.0
8243.0
7565.0
7713.0
7342.0
7872.0
7955.0
7797.0
7746.0
7609.0
7341.0
7393.0
7350.0
7250.0
7637.0
7553.0
8214.0
7608.0
7871.0
7679.0
7948.0
8241.0
7199.0
8032.0
7473.0
7870.0
7772.0
7884.0
7617.0
7406.0
7889.0
7541.0
7880.0
7821.0
6981.0
7103.0
7672.0
8143.0
7807.0
7563.0
7505.0
7847.0
7747.0
7784.0
7430.0
7684.0
7822.0
7732.0
7526.0
7357.0
8475.0
7506.0
7324.0
8022.0
7865.0
7973.0
7492.0
6835.0
7791.0
8141.0
8186.0
7434.0
7674.0
7621.0
7400.0
7760.0
7861.0
8075.0
7551.0
8081.0
7803.0
7880.0
7715.0
8036.0
7467.0
7508.0
7469.0
7570.0
8011.0
7447.0
7733.0
7625.0
7316.0
7735.0
7320.0
7350.0
7604.0
7615.0
7430.0
7378.0
8529.0
6925.0
7116.0
7235.0
7475.0
7803.0
8003.0
7405.0
7978.0
7413.0
7668.0
7542.0
7537.0
7891.0
7596.0
7679.0
7502.0
7685.0
7590.0
7588.0
7487.0
7535.0
7450.0
6997.0
7085.0
8017.0
8023.0
7499.0
7968.0
8190.0
7782.0
7394.0
7396.0
7829.0
7552.0
7333.0
7240.0
7851.0
7642.0
7486.0
8020.0
7467.0
7408.0
8064.0
8184.0
7685.0
7552.0
7786.0
7963.0
7006.0
7571.0
7802.0
7198.0
7398.0
7847.0
7271.0
8179.0
7541.0
7775.0
7927.0
8221.0
7460.0
7560.0
6936.0
7512.0
7353.0
7429.0
7316.0
7416.0
8061.0
8183.0
7066.0
7960.0
7593.0
7223.0
8103.0
7217.0
7066.0
7102.0
7446.0
7425.0
8003.0
6983.0
8235.0
7146.0
7316.0
7327.0
7006.0
7433.0
8021.0
7558.0
7128.0
7617.0
7629.0
7651.0
7064.0
7612.0
7694.0
7584.0
7240.0
7605.0
6915.0
7750.0
7180.0
8681.0
7577.0
7939.0
8157.0
7606.0
7074.0
7523.0
7868.0
8247.0
7621.0
7692.0
7335.0
8225.0
7512.0
7389.0
7406.0
7863.0
7341.0
7898.0
7340.0
7174.0
8099.0
7819.0
7647.0
7942.0
7720.0
7269.0
7889.0
7394.0
7364.0
7436.0
7734.0
8155.0
7893.0
7771.0
8078.0
7282.0
7498.0
7515.0
7556.0
7707.0
7616.0
7673.0
7545.0
7394.0
8057.0
7857.0
7766.0
8097.0
7395.0
8288.0
7814.0
7384.0
8126.0
7411.0
8220.0
7616.0
7238.0
7728.0
7517.0
7539.0
8011.0
7316.0
7627.0
7804.0
7240.0
8070.0
7902.0
7851.0
8212.0
7039.0
7766.0
7850.0
8059.0
7960.0
7635.0
7757.0
6953.0
7379.0
8340.0
8078.0
7841.0
7446.0
8023.0
7708.0
7780.0
6951.0
7893.0
7628.0
7355.0
8996.0
7376.0
6881.0
8206.0
7853.0
7927.0
7624.0
7645.0
8169.0
7653.0
7665.0
7948.0
7505.0
7893.0
7462.0
7807.0
7572.0
7765.0
7872.0
7349.0
8010.0
7533.0
8114.0
7194.0
8511.0
7855.0
7923.0
8038.0
7934.0
7807.0
7352.0
7074.0
7780.0
7885.0
7673.0
7810.0
7277.0
7683.0
7386.0
8081.0
7371.0
7376.0
7588.0
8099.0
7718.0
7131.0
8129.0
7878.0
7946.0
8080.0
7890.0
7417.0
7784.0
7848.0
7636.0
7899.0
7806.0
7502.0
7670.0
8679.0
7647.0
7608.0
7811.0
7592.0
7300.0
8005.0
7798.0
7333.0
8181.0
7565.0
7307.0
7541.0
7841.0
7473.0
7871.0
7483.0
7357.0
7743.0
7519.0
7498.0
7528.0
7953.0
8266.0
7578.0
7709.0
7547.0
7930.0
7373.0
7930.0
7747.0
7906.0
7921.0
7752.0
7363.0
7434.0
7785.0
7924.0
7958.0
7978.0
7181.0
7439.0
7375.0
7280.0
7809.0
7641.0
8157.0
7469.0
7761.0
7739.0
8240.0
7584.0
7427.0
7660.0
7879.0
7613.0
7557.0
7857.0
7771.0
7561.0
7815.0
7697.0
7285.0
7474.0
7449.0
8135.0
7603.0
7551.0
7726.0
7285.0
7865.0
7585.0
7522.0
7638.0
7719.0
7240.0
7904.0
7522.0
7182.0
7353.0
7523.0
8015.0
8125.0
7892.0
7513.0
7903.0
7325.0
8095.0
7817.0
8055.0
7336.0
7987.0
7679.0
8541.0
7685.0
7477.0
7771.0
7481.0
7991.0
7566.0
7801.0
7873.0
7310.0
7811.0
7406.0
7073.0
6989.0
7350.0
7579.0
7473.0
7495.0
7931.0
7283.0
8065.0
8210.0
7318.0
7778.0
7723.0
7093.0
8020.0
8018.0
7615.0
7387.0
8033.0
7812.0
8259.0
8076.0
7877.0
7397.0
7653.0
7528.0
8532.0
7707.0
8551.0
7790.0
7800.0
7724.0
8069.0
7549.0
8475.0
8007.0
7534.0
8194.0
8225.0
7582.0
7723.0
7698.0
7270.0
7504.0
8008.0
8070.0
7730.0
7225.0
7727.0
7785.0
7704.0
7112.0
8091.0
7272.0
8476.0
7629.0
7622.0
7450.0
7501.0
7346.0
7912.0
7831.0
7777.0
7810.0
8424.0
7251.0
7706.0
7004.0
7345.0
8256.0
7819.0
7805.0
7487.0
7194.0
7898.0
7168.0
7720.0
7442.0
7979.0
7892.0
7479.0
7918.0
8331.0
8389.0
7829.0
7416.0
7766.0
7766.0
7474.0
7735.0
7463.0
7323.0
7629.0
7547.0
7697.0
7671.0
7603.0
8206.0
7949.0
7853.0
7884.0
7725.0
7905.0
8192.0
7436.0
7307.0
8003.0
7699.0
7467.0
7376.0
7855.0
7932.0
7856.0
8283.0
7832.0
7921.0
7902.0
8029.0
7957.0
7759.0
7862.0
8259.0
7356.0
7442.0
7611.0
7385.0
8002.0
7994.0
7658.0
8208.0
7312.0
7112.0
7721.0
7707.0
7991.0
7719.0
7501.0
8083.0
7438.0
7921.0
7967.0
7369.0
7396.0
7762.0
7379.0
7555.0
8284.0
8467.0
7812.0
7956.0
7458.0
7966.0
7223.0
8332.0
7844.0
8007.0
7250.0
7628.0
7397.0
8144.0
7867.0
7732.0
8037.0
7846.0
7311.0
7367.0
8328.0
7780.0
8200.0
7090.0
7612.0
8176.0
7606.0
7802.0
7361.0
7739.0
7848.0
7550.0
7749.0
7672.0
7140.0
7537.0
7810.0
7917.0
7635.0
8096.0
8194.0
7478.0
7821.0
7712.0
7334.0
7959.0
8262.0
7609.0
7100.0
7749.0
7415.0
7048.0
8153.0
7341.0
8267.0
7911.0
7840.0
8105.0
7808.0
7382.0
7675.0
8018.0
7463.0
7990.0
7559.0
7462.0
8429.0
7316.0
7710.0
8096.0
8044.0
8057.0
7320.0
7640.0
7568.0
7585.0
7743.0
7740.0
7500.0
7809.0
7375.0
7558.0
8122.0
7227.0
7034.0
7552.0
7704.0
7634.0
7824.0
8053.0
7305.0
8186.0
8001.0
7532.0
7700.0
8438.0
7439.0
8067.0
8379.0
8122.0
7573.0
7865.0
7352.0
8158.0
7847.0
8008.0
7808.0
7366.0
7841.0
7654.0
8143.0
7464.0
7748.0
8339.0
7281.0
8214.0
7850.0
7808.0
7926.0
7838.0
7673.0
8361.0
7380.0
7321.0
7291.0
8332.0
8132.0
8079.0
7509.0
8482.0
8109.0
7623.0
7844.0
7820.0
7451.0
8106.0
8108.0
7913.0
7039.0
8410.0
7969.0
7760.0
8090.0
7530.0
8826.0
7653.0
7519.0
7369.0
7876.0
7236.0
8312.0
7503.0
7557.0
7500.0
7465.0
7999.0
7726.0
7617.0
7619.0
7503.0
7951.0
7598.0
7928.0
7223.0
8208.0
7879.0
7965.0
7680.0
7272.0
7929.0
7941.0
7541.0
7647.0
6875.0
7777.0
7668.0
7398.0
6967.0
7377.0
7546.0
7976.0
7658.0
7425.0
7245.0
7913.0
7972.0
8190.0
7246.0
7703.0
7046.0
7828.0
8025.0
7387.0
7500.0
7105.0
7604.0
7903.0
8277.0
7575.0
7295.0
8080.0
7375.0
7961.0
7436.0
7399.0
7785.0
7855.0
7564.0
7075.0
7516.0
7199.0
7353.0
7467.0
7579.0
7224.0
7392.0
7319.0
7092.0
7491.0
7186.0
7937.0
7540.0
8043.0
7543.0
8061.0
7578.0
8208.0
7492.0
7633.0
7361.0
7873.0
8277.0
7279.0
7473.0
8448.0
8166.0
7208.0
7486.0
7458.0
7802.0
7452.0
7468.0
7552.0
7788.0
7533.0
7778.0
7412.0
7500.0
7869.0
7736.0
7107.0
7649.0
8126.0
7948.0
7382.0
8386.0
7463.0
7445.0
7584.0
7468.0
7629.0
7406.0
7554.0
7516.0
7707.0
7316.0
7051.0
7601.0
7873.0
7693.0
7219.0
7770.0
7735.0
7450.0
7239.0
7551.0
7696.0
7559.0
7124.0
7855.0
7462.0
7323.0
7796.0
7246.0
8436.0
7892.0
7941.0
7317.0
7792.0
7734.0
7555.0
7956.0
7853.0
7645.0
7674.0
7754.0
7878.0
7351.0
7883.0
7366.0
7741.0
7936.0
8316.0
7866.0
7445.0
7623.0
7882.0
7646.0
8352.0
7337.0
7616.0
7911.0
7077.0
7232.0
7555.0
7521.0
8252.0
8294.0
7663.0
6898.0
7413.0
7343.0
7341.0
7298.0
7872.0
6902.0
7549.0
7700.0
7236.0
7184.0
8014.0
7539.0
7974.0
8293.0
7913.0
7143.0
8233.0
7573.0
7465.0
7655.0
7725.0
6893.0
7325.0
7916.0
7451.0
8028.0
7534.0
7325.0
7595.0
7985.0
7490.0
7390.0
7837.0
7702.0
7674.0
8362.0
7243.0
8260.0
8297.0
7466.0
7834.0
7715.0
7680.0
6954.0
7680.0
7663.0
7586.0
7360.0
7609.0
7683.0
7632.0
7961.0
8437.0
7956.0
7625.0
7596.0
7687.0
7829.0
7283.0
7404.0
7643.0
7423.0
8171.0
7444.0
7843.0
7910.0
7569.0
7953.0
7595.0
7787.0
7810.0
8093.0
8267.0
7459.0
7496.0
7932.0
7736.0
7855.0
8004.0
7977.0
7782.0
7920.0
7738.288196849401
7623.51911900317
7164.658520844678
8228.377942818233
7123.930206314058
8206.444868796383
7468.7990398484235
9011.813808426956
8107.689092163013
8627.26815589891
9369.485844223587
9302.548082580812
8501.722647841794
8973.554361202046
8327.860294434333
8627.960025385584
8482.085872130401
8271.453673777049
8601.85976939256
8500.376474002815
7708.274170419588
8078.777063144721
8794.561584872306
8795.826511251335
7798.1819249481605
8037.8967016692895
7759.639096214948
7876.398544435444
7555.4921954127
8169.031309467249
8730.78161080831
7944.094709645789
7896.335832454444
8241.282111102473
8483.41000597394
7735.182770959511
7675.941238216637
8083.4705403604175
7996.870359933878
7707.421476837436
7834.790491626512
7987.187595609763
8247.895433712009
7996.957032360404
7808.795359401255
7401.966073616025
7755.241669257603
8017.756129264347
7867.228565667723
7518.631142347413
8161.843928347548
7451.873448466563
7957.864645269731
8245.676977100682
7853.842081354058
8535.550293900244
7661.661418733267
7514.170271910467
7606.293718625579
7798.163271992882
8281.527003059853
8006.994576074346
7591.2743806506105
7152.994403263974
7627.070189267238
7999.028863798245
8362.010277341678
7885.023923541625
7797.853042542044
7937.702428950781
8680.977385656754
7882.376631052652
8004.91302928377
7504.502777117979
7792.951458405096
7928.514249637446
7448.751844230964
7268.677174959377
8085.224352136453
7330.965601870085
7504.526551360597
7520.359917868639
7791.412087658283
7402.307058255289
7904.710502192907
8462.013082547523
7696.658745500776
7645.759108724639
7650.828054187274
7741.849896541613
7564.931558149644
7682.892195052189
8037.405530331682
7945.71915932582
7582.2980358222285
7870.571185867604
7332.411981026191
8343.75335373147
8196.956212243085
7812.382160447347
7694.645245456961
7804.303330767619
8104.560063405131
8156.065789678971
7561.352493607622
7573.475294848736
7742.991238440631
7797.173209449009
7560.605481344206
7737.278857646824
7161.136140498728
7268.487767765032
7827.75023817542
7981.879546099996
7519.8985795262715
7953.259523095864
7817.524322021648
7295.481509640814
7541.594103631187
7714.072220699056
7339.0
8041.0
8183.0
8043.0
7583.0
7581.0
6667.0
8116.0
8343.0
7279.0
7606.0
8355.0
7904.0
8140.0
7957.0
7242.0
7960.0
8140.0
7865.0
7267.0
7688.0
7425.0
6966.0
7678.0
7689.0
7795.0
7807.0
7306.0
7210.0
7581.0
7937.0
8143.0
7362.0
7539.0
7401.0
7922.0
7943.0
7805.0
7633.0
7756.0
7977.0
6999.0
7635.0
7930.0
7734.0
7636.0
7679.0
7983.0
7621.0
7045.0
7475.0
7412.0
8274.0
7530.0
7273.0
8123.0
8027.0
8055.0
7570.0
8358.0
7567.0
8048.0
7894.0
7983.0
8391.0
8079.0
7183.0
7010.0
7193.0
7733.0
7685.0
7826.0
7766.0
7603.0
7125.0
7886.0
7224.0
7885.0
7836.0
7633.0
7641.0
7804.0
7565.0
7988.0
7628.0
7761.0
8137.0
7916.0
8005.0
7128.0
7734.0
7389.0
7720.0
7999.0
7830.0
7607.0
7918.0
7459.0
8007.0
7735.0
7582.0
7351.0
7586.0
7347.0
7397.0
7897.0
8004.0
8087.0
7866.0
7388.0
7252.0
8072.0
8462.0
7775.0
7899.0
7947.0
7865.0
7826.0
7850.0
7927.0
8132.0
7972.0
7983.0
8126.0
8498.0
7726.0
8428.0
7712.0
7735.0
7730.0
7746.0
7477.0
7684.0
7625.0
7580.0
7029.0
7493.0
7763.0
7971.0
7571.0
8300.0
7869.0
8260.0
8244.0
8116.0
7323.0
7705.0
7831.0
8303.0
7511.0
7663.0
7846.0
7050.0
7989.0
7811.0
7874.0
7105.0
7522.0
7558.0
7607.0
8016.0
7143.0
7795.0
8216.0
8531.0
7975.0
7467.0
8054.0
7860.0
7400.0
7739.0
8255.0
7658.0
7602.0
7701.0
7651.0
8087.0
8162.0
8080.0
7628.0
8350.0
7388.0
7795.0
8413.0
8037.0
7864.0
7493.0
7896.0
7669.0
8292.0
8124.0
6288.0
8382.0
8308.0
7986.0
7837.0
7520.0
7716.0
7531.0
7830.0
8009.0
7995.0
8004.0
7235.0
7024.0
7146.0
8074.0
7848.0
7684.0
7629.0
7991.0
7656.0
7868.0
7403.0
7787.0
7186.0
7604.0
7118.0
7537.0
7249.0
8218.0
7904.0
7639.0
8259.0
8257.0
7743.0
7971.0
7479.0
8195.0
7837.0
8262.0
7390.0
7631.0
6956.0
8218.0
7455.0
8486.0
8304.0
7902.0
8602.0
8501.0
7653.0
7744.0
7705.0
8335.0
7848.0
7825.0
7539.0
7553.0
8350.0
7521.0
7350.0
7676.0
7600.0
7403.0
7906.0
7588.0
7564.0
7972.0
7903.0
7119.0
7863.0
8558.0
7237.0
8172.0
7538.0
7356.0
7699.0
7668.0
6605.0
7940.0
7039.0
7444.0
7306.0
7924.0
6640.0
8116.0
7834.0
7922.0
6959.0
8133.0
7494.0
8469.0
7095.0
7347.0
7251.0
7672.0
7468.0
8334.0
8835.0
7437.0
8165.0
7310.0
7808.0
7995.0
7775.0
8037.0
8157.0
7775.0
6860.0
7944.0
7550.0
8067.0
7944.0
7664.0
7355.0
7337.0
7331.0
7716.0
8652.0
8627.0
7343.0
7743.0
7818.0
7722.0
7693.0
8181.0
7365.0
8441.0
7752.0
8070.0
6613.0
7379.0
8186.0
7540.0
7993.0
8045.0
7923.0
7702.0
7538.0
8002.0
7679.0
7097.0
7781.0
6993.0
7330.0
7414.0
7639.0
7904.0
7020.0
7531.0
7463.0
7552.0
7867.0
7051.0
7889.0
7933.0
7340.0
7338.0
8793.0
7554.0
7590.0
7629.0
7406.0
7252.0
7913.0
7677.0
7273.0
7247.0
8640.0
7886.0
8086.0
7623.0
8169.0
7736.0
7470.0
7480.0
7638.0
7939.0
7511.0
8216.0
6869.0
7889.0
8260.0
8009.0
7750.0
7147.0
7786.0
8000.0
7798.0
7758.0
7611.0
8398.0
8379.0
8094.0
7309.0
7686.0
7761.0
7717.0
7770.0
7177.0
7686.0
7984.0
7370.0
7598.0
7522.0
7897.0
7950.0
7384.0
7651.0
7531.0
7607.0
8136.0
7867.0
8479.0
8190.0
7320.0
7483.0
7897.0
7716.0
7580.0
8271.0
7834.0
7654.0
8203.0
7139.0
7230.0
7653.0
7629.0
7356.0
7929.0
8009.0
7303.0
7443.0
7692.0
8063.0
7291.0
7180.0
7675.0
7833.0
7878.0
7804.0
7866.0
7384.0
7335.0
7979.0
7877.0
7795.0
8105.0
7679.0
7997.0
7923.0
7712.0
7659.0
7363.0
7543.0
7307.0
8362.0
8063.0
7904.0
7788.0
8011.0
7758.0
6849.0
7832.0
7496.0
7622.0
7523.0
6946.0
7876.0
8295.0
7592.0
8286.0
7851.0
8151.0
7625.0
8100.0
7850.0
7774.0
7199.0
7417.0
7548.0
8192.0
7776.0
7970.0
7881.0
8056.0
8022.0
7397.0
8367.0
7153.0
7558.0
8242.0
7777.0
7767.0
7952.0
7418.0
8192.0
7415.0
8301.0
7263.0
7536.0
7555.0
7383.0
7963.0
8201.0
8494.0
7835.0
7775.0
7516.0
7304.0
7841.0
8296.0
7591.0
8072.0
7236.0
8006.0
7937.0
7541.0
8097.0
7778.0
7890.0
7703.0
7617.0
7816.0
8209.0
8352.0
7489.0
7987.0
7895.0
8031.0
7810.0
7946.0
7830.0
7035.0
8703.0
8016.0
7737.0
7878.0
7651.0
8019.0
7940.0
7542.0
8034.0
8087.0
7276.0
7879.0
7899.0
7603.0
7770.0
7604.0
7802.0
8109.0
7788.0
7529.0
8376.0
8154.0
7603.0
7309.0
7896.0
7210.0
7676.0
7871.0
8212.0
8087.0
7673.0
7737.0
7533.0
7841.0
7416.0
7714.0
8239.0
7889.0
7499.0
7962.0
6881.0
7964.0
8121.0
8095.0
7397.0
7947.0
8050.0
7888.0
8182.0
7635.0
7688.0
7721.0
7383.0
8038.0
8147.0
7492.0
7612.0
7950.0
7313.0
7993.0
8263.0
8182.0
7617.0
7813.0
7800.0
8171.0
7304.0
8145.0
7611.0
7368.0
7930.0
7616.0
8546.0
8207.0
7902.0
7436.0
8098.0
8062.0
7516.0
7387.0
8159.0
7772.0
7814.0
7467.0
8761.0
7510.0
8015.0
7945.0
8405.0
8058.0
7412.0
7885.0
8074.0
7733.0
8019.0
7685.0
7421.0
7935.0
7964.0
8510.0
7577.0
7541.0
7304.0
7923.0
7826.0
7167.0
7762.0
7786.0
7922.0
7328.0
7721.0
8011.0
7935.0
7919.0
7680.0
7944.0
7682.0
7276.0
8043.0
7759.0
7923.0
8150.0
8147.0
7713.0
8083.0
8278.0
8107.0
7363.0
7613.0
8308.0
7230.0
7738.0
7715.0
6494.0
8804.0
7550.0
7398.0
7795.0
7391.0
6903.0
7862.0
8119.0
7607.0
7722.0
8343.0
8361.0
8663.0
8741.0
8581.0
7286.0
7947.0
7252.0
7754.0
7891.0
6954.0
7694.0
7747.0
7378.0
8362.0
7942.0
9056.0
8285.0
7249.0
7582.0
7601.0
7334.0
7707.0
8123.0
7902.0
7541.0
8907.0
7753.0
8216.0
9043.0
7818.0
7823.0
7310.0
7966.0
7629.0
7359.0
8018.0
8465.0
7407.0
8453.0
7171.0
7679.0
7119.0
7586.0
8071.0
8916.0
7746.0
7480.0
7187.0
8181.0
7908.0
7055.0
7255.0
7709.0
6993.0
7387.0
7662.0
7387.0
7859.0
7954.0
8440.0
7581.0
7669.0
7267.0
8132.0
7609.0
8098.0
8159.0
8334.0
7407.0
7623.0
7549.0
7730.0
7469.0
7502.0
8374.0
8754.0
7867.0
7833.0
7513.0
8173.0
7253.0
7454.0
8335.0
7533.0
7391.0
7316.0
7724.0
8407.0
8191.0
8046.0
7780.0
7278.0
7663.0
7420.0
8118.0
7732.0
7664.0
8546.0
7406.0
8109.0
7930.0
7880.0
8217.0
7855.0
7985.0
7420.0
7366.0
7468.0
8201.0
7533.0
7442.0
8628.0
7464.0
7833.0
7936.0
7581.0
8270.0
7968.0
8075.0
7454.0
8048.0
7656.0
8303.0
7953.0
7530.0
8252.0
7532.0
7763.0
7990.0
8424.0
7089.0
7279.0
8273.0
7962.0
8257.0
7915.0
6856.0
7469.0
8126.0
7621.0
7966.0
6982.0
7246.0
8004.0
8380.0
7406.0
7895.0
8112.0
8110.0
7121.0
7159.0
7572.0
7743.0
7589.0
8603.0
7736.0
7956.0
8333.0
7501.0
8477.0
8323.0
7791.0
8160.0
8860.0
7387.0
8087.0
7987.0
7413.0
7735.0
8320.0
8523.0
8221.0
7605.0
8119.0
7858.0
8093.0
7608.0
8283.0
8668.0
7642.0
7696.0
7716.0
8376.0
7377.0
8178.0
8247.0
7958.0
7616.0
8359.0
7507.0
8114.0
7395.0
8400.0
7929.0
7883.0
8100.0
8188.0
7720.0
7353.0
7623.0
7740.0
7642.0
6915.0
7483.0
8258.0
8481.0
7565.0
7949.0
7177.0
6913.0
7188.0
7732.0
8114.0
7391.0
7442.0
8046.0
7399.0
7499.0
7407.0
7682.0
7549.0
8209.0
8112.0
8531.0
7159.0
6703.0
7773.0
7659.0
7960.0
7496.0
8256.0
7970.0
7603.0
7813.0
7198.0
7454.0
8009.0
7320.0
7674.0
7694.0
7169.0
7933.0
8105.0
7779.0
8001.0
7257.0
7867.0
7652.0
7487.0
7689.0
8007.0
7558.0
7601.0
7144.0
7795.0
7361.0
8102.0
7985.0
8398.0
7471.0
7339.0
8501.0
8464.0
8103.0
7359.0
7941.0
7171.0
7159.0
7784.0
8077.0
7747.0
8435.0
7768.0
8376.0
8433.0
7191.0
8382.0
7994.0
8221.0
8033.0
7107.0
7806.0
7707.0
8134.0
7880.0
8170.0
8114.0
8154.0
7481.0
7841.0
7078.0
8026.0
7428.0
7745.0
7217.0
8248.0
6964.0
8096.0
8130.0
7838.0
7989.0
7997.0
7981.0
7401.0
7467.0
8010.0
7235.0
7823.0
8240.0
7405.0
7803.0
8020.0
7751.0
8765.0
7904.0
7250.0
7880.0
8010.0
6699.0
7685.0
8184.0
7070.0
7760.0
6971.0
7299.0
8437.0
7596.0
8280.0
7286.0
8092.0
8081.0
7582.0
8883.0
8573.0
7941.0
7071.0
7835.0
8537.0
7282.0
8401.0
7625.0
7962.0
7156.0
6612.0
7079.0
7274.0
7676.0
7377.0
6722.0
7870.0
7049.0
6921.0
7701.0
6671.0
7775.0
7152.0
6734.0
6951.0
8139.0
7725.0
6512.0
8767.0
7003.0
7898.0
6721.0
7245.0
7774.0
7555.0
8208.0
8479.0
7436.0
8369.0
7019.0
8022.0
7915.0
7403.0
9516.0
6726.0
8582.0
7230.0
8048.0
7272.0
7007.0
8428.0
7743.0
7498.0
7297.0
7601.0
8374.0
7232.0
8326.0
6707.0
7465.0
7551.0
7324.0
6946.0
7649.0
8531.0
8072.0
8289.0
8626.0
9170.0
5930.0
6732.0
7919.0
7839.0
8336.0
6247.0
8065.0
8276.0
7451.0
7709.0
7185.0
7626.0
7377.0
7671.0
8335.0
8954.0
7329.0
7993.0
9199.0
6962.0
7876.0
7032.0
7120.0
7217.0
7372.0
7004.0
8045.0
8322.0
7121.0
7727.0
8583.0
7241.0
9064.0
7405.0
7031.0
8522.0
7931.0
8877.0
7232.0
8311.0
6993.0
6467.0
8042.0
8264.0
7715.0
7385.0
8187.0
8503.0
7970.0
8679.0
7513.0
7437.0
6995.0
7183.0
7192.0
7812.0
7334.0
7465.0
8056.0
7665.0
7057.0
7493.0
8672.0
6732.0
6066.0
7718.0
7207.0
6922.0
7521.0
7438.0
7894.0
8474.0
7760.0
8756.0
7189.0
8628.0
8110.0
8134.0
7169.0
7693.0
7313.0
7986.0
7204.0
7703.0
7848.0
7589.0
8675.0
8005.0
8142.0
7987.0
7241.0
6716.0
6921.0
7332.0
6750.0
7268.0
7141.0
7015.0
7264.0
8098.0
7041.0
7266.0
7337.0
8271.0
7143.0
7243.0
6891.0
8788.0
7313.0
7592.0
6781.0
7280.0
7360.0
6862.0
7664.0
8307.0
7511.0
7725.0
7170.0
6762.0
7901.0
7485.0
7914.0
6218.0
7505.0
7050.0
6759.0
6451.0
8937.0
7942.0
7645.0
8298.0
7444.0
7954.0
7017.0
7908.0
8147.0
7523.0
8210.0
8065.0
8139.0
6495.0
8044.0
7606.0
5765.0
5990.0
7074.0
7642.0
6892.0
8237.0
7497.0
7472.0
7862.0
8048.0
6495.0
7832.0
7946.0
7187.0
6943.0
9234.0
7105.0
7725.0
7760.0
7043.0
7075.0
7203.0
7619.0
6603.0
8194.0
8407.0
7446.0
7997.0
7332.0
8598.0
7872.0
7577.0
6923.0
8011.0
8522.0
7027.0
7632.0
7604.0
7961.0
7856.0
6453.0
8855.0
6040.0
8077.0
7141.0
8118.0
7308.0
7752.0
7909.0
8513.0
7667.0
7279.0
7040.0
5662.0
7120.0
8928.0
7906.0
7488.0
7685.0
6918.0
7462.0
7703.0
6381.0
8491.0
7281.0
8881.0
7963.0
8561.0
9671.0
7479.0
7068.0
7510.0
7381.0
8914.0
8559.0
7276.0
6853.0
6615.0
8229.0
7325.0
8619.0
8509.0
7405.0
7831.0
8297.0
8258.0
7572.0
8596.0
7980.0
7624.0
